8
8
TA_Brady 701000000
TA_Thomas 490000000
Nicoll 400000000
Ben 501000000
Kai 350000000
Ethan 330000000
Janvi 370000000
Matvey 27
5
Thomas 1
TA_Tyler 3
TA_Travis 5
TA_Arup 4
TA_Brady 2
26
j 887768051
d 179620285
r 617763729
l 735854423
h 397822238
s 974936883
p 7512205
w 980419233
a 347338013
c 714717045
y 519710898
m 171432784
f 418946937
o 457261359
g 128662308
e 552097855
b 926309790
k 492896167
u 702276260
t 162470517
x 526832383
n 300946160
i 928144007
q 660567105
z 189578715
v 371316101
52
TAr 718234415
TAf 236914200
TAm 920798285
TAd 661521722
l 727531902
TAn 992086777
o 468750886
TAa 510750543
TAb 846680981
y 556726277
t 863121087
m 563529749
TAy 269729727
TAk 695594315
TAp 769982939
j 535443187
TAs 345875146
g 681644108
TAz 367329774
TAl 104058161
p 281828518
x 869684398
e 529047287
u 152288175
TAh 128947462
h 954271777
v 450476389
TAw 983327436
z 283874414
b 328850349
w 728493402
q 782539819
TAj 582428620
TAo 680763767
d 359694926
f 243518067
TAq 70981740
a 414579351
TAv 702708896
k 590356115
TAg 38614775
TAu 350867318
c 702421154
TAt 767026716
TAx 798625348
TAe 793799945
s 95393919
TAi 830113815
TAc 595918044
n 373737115
r 610654478
i 365410065
8
Taylor 2
Tarvis 3
tanner 4
Tanay 5
tATA 7
Brady 6
Bad-Brady 1
TAGlen 8
1000
73503010481847882743 813138343
18490720596350158478 869936652
77392864809956143601 597226880
66729028566975104915 276209518
58617999402044917165 416169800
62812756505687627436 109585030
12689215892264138812 301389541
68079411027772939462 902363160
91463218101775338714 517206380
76934492699747723390 97383045
97748352186071486509 366143422
64032844440119817705 402523509
97122211311161969689 166613628
1447511862888756446 200013135
46326170843478098328 772800577
18170870897615267785 607875504
2156999798649937220 526944329
17464253937602547847 511889997
84105306313411491355 353010909
6848819027857579913 17594811
96291974817843737413 955382205
96648230957825163029 753840070
58598927487420188489 893624633
59006031320449893324 62255085
14201596655603441183 449598994
61380965246048042475 767381390
119437150629964152 966535657
25739272474041543998 980910774
76946125715861180406 900682207
97632278172704532834 482698449
61062079480493141396 665424913
93482588771237412580 201106800
38965022085125099331 247595239
17670286635474495417 140245132
17286350549100003114 157300534
24604434192035632321 80418017
94700150206137674717 416941362
91035720487590473407 418543071
78125493923861919043 347979160
9564737821485576795 933384943
49782834221296181176 41732007
12370456731358299037 703514741
1277688050241537437 556187262
20198305851274228935 662418008
71118520123750356516 325277133
89612213134238608344 509851165
74151463911415445007 219659701
88134681295420907846 15600999
99742674294954608932 634183529
72686098998685191126 168681841
47731727423861982287 923604011
60161665500167013393 789520810
19592439721094428627 634979616
7193877621556551470 431789420
6210843879102689389 822912069
28040845890429608687 360212220
37604983375581427173 747948614
42349688563251425360 346757035
3918889762693804141 225321589
2000712541640247922 875361297
29998380471849764956 711958820
82453961246551781963 347537698
51587503456919450072 813693737
25819831838455120501 428280265
7705043884995329983 640046489
60579228436001345430 629446326
9565802086238323534 566098163
39895268977739842004 828257722
42755636627276006671 908445710
87271869169721030298 270029159
95721763828597906783 83960990
42840988436123866448 503583175
6044011844594141624 990470958
78197164213615005188 310774167
85421157064258956219 574622998
75592230476170986767 827792677
36065790659631213179 573500599
53851792892338158746 668236445
73275158599477940293 232202981
82438330716708248 608214901
20421155916520190750 665776449
53840699496045509472 850583498
66783808720049814753 237251576
30991463985940203187 403601580
30619425386511001800 866295183
64389570645182471455 346169895
73258908533126745458 383209809
84073390524029975337 63612028
413228776129685943 517554234
27009787428452786031 12187133
22380538982520252762 475267309
26574219110014882356 338119071
90992216860780466898 863989359
91534497832145955462 945169638
38088947591877938123 967641840
81152367744798168975 201875370
81563146361618695217 913648590
35410495361839127546 479836629
65422842417449793550 240708922
20731400404850131260 470548565
36965038636232620870 529590292
19658086871438781937 655187199
71484774670725011971 363838463
27739636717958764430 739880958
69507072199772873314 920723880
76018107356210612185 223968404
7117096546460609225 341551960
74072543081699465721 670052039
17739336543065589463 491179506
70278947387955044511 511470610
94402238756691404613 496056377
62338793926711335297 750401368
13431191655050806566 76290290
53778935917000423694 137286213
41100815890215396634 108045770
14898822950522276929 613988761
13660472905808897781 250747748
81343877909084215318 100782620
25779474441412339480 40214822
92958990381931897135 869908929
49664282144214908726 884737054
85106376818985659943 754948444
19137079493921593825 80451643
16606738076738633688 267835548
50258825668339021514 529787554
84087236705213930868 338946521
10856490740756014968 369255410
24893937008932024725 865205735
68955970625318890243 13402123
53563652355663143709 656369721
36746905951788556254 948274648
48148718080501038688 381504774
64564851972408277329 457446805
90302728483269247917 771273242
28865895060435136331 187609024
59772811800024118111 230907493
90398821100093964085 950480843
88889832768937664267 954865810
70761240927172999224 373824011
8330950204937868537 393666496
13512491725126829276 392245391
18597308846133275291 43705272
79818562605800076319 220995762
60387208150644924696 407530885
48138147033419096778 68496597
19209576897946832739 799635719
74789769153856632004 173578834
78797996813158653372 440753090
37774132583351498704 445916599
96921801368715582805 927459328
92491782713576746453 983000802
47725210579143512246 135421388
5305002386162982092 934547916
25059569804164871815 315135747
13572698331888182705 5801111
17930681970187135577 142090358
27560254597975606184 689995381
42665050018061030706 751654389
15327507807734069253 664345725
30192820749927361543 412554202
94751945077234482854 311844060
85991201036244285931 837596938
17369580016664688948 825761886
70491581160487156871 894857189
67651651450469358076 756511911
21418096996575537199 602926163
98423771747793201472 438016437
72390976475392677338 299357073
3099214134320654799 175942345
84058480873244501156 141512669
4322638119301630397 608477268
9240842341925466398 350018550
56815303009139839515 286357143
94696227303185840639 458967495
23622253734681087130 913057033
77700060956604475177 412299489
38547335088119130226 142409114
47268933943761760012 352731303
53330723845551479051 293771712
88471275027081448468 975744807
112855994334124020 348100391
90874761178609099650 333191423
59798302758921963077 547578070
5070697450350259150 717841158
63061769677024707274 221665267
74851099079740767273 370009054
94812506942992704984 771652397
57404195748532045305 10203248
16868243624563042564 450238288
43328741928788223070 307800728
64867220804472062151 912974461
26113935980354672245 477028992
97518812607842530486 380762181
66835810390690284721 818284445
36361690657415557671 942379967
35987616993987953103 30556459
16458397777207335868 359272993
89758201785532272789 179270665
91378112601311254997 40424808
27295861724378397839 9887030
20278584372744093855 332182263
89042624184476828398 384584102
24147293178814633382 287009505
89428354774932615736 749264424
98085432801257264173 135754598
28759282043396468854 132273704
57979453631427107569 852256893
78525264600875455401 269617726
93072320615707978066 278756639
8290373692408353838 109867308
2521383138356378639 895470534
59721067143640123215 358166069
58094368046015651598 208649195
39178482527346003434 784074683
15735664658553364210 589379168
46823656317606581831 25325756
59964236462595825065 306999950
15034834823421581645 630208154
70638628798001837016 764141669
67798312938068303789 411816318
68946789753745104391 287555081
87126479164431962335 440777890
68336849201965461420 545204626
67668833905624223621 64991821
16108461941455729984 472625725
57992456834875945785 304126975
88985100399821997245 993131776
34503569992202595635 358804919
15453617266600177574 47893112
44767286296736771334 35992664
59149110764466386575 34917503
76724076375254555876 655333280
1744003844065945226 754950020
37769618509978290559 98018058
61136760272165939494 880637353
25457292086657417252 169372302
8793786674698912746 936394415
53346887738579299068 931761198
10639772137203740963 288115276
61832327989292569966 35097808
99569397249780363036 976143813
19196658822451540060 478099684
61257362153015385912 133763083
78703205960148876584 138971126
2728414164278995126 900173036
61719320210662942302 610138199
88455925346979586030 100841464
68171315854907560768 1149828
81174868229237168810 77356000
74276398391786546111 357575451
32567038825986745986 186791028
66342692403431809615 526272832
83575432004879910011 773537111
68415365832306069398 837827975
4199413391758300066 784173832
37157824906924171951 791844887
80603131932095580887 163544627
11584007434946506587 295040302
6310463088573339509 100995073
20292065054279795666 673732328
42303151440553383489 838762130
36061444616411756434 61436537
1348911097669145570 850178403
10857073472721622989 447501593
10444426862725703347 894430154
42511132399020546990 911464822
84301187488377259115 470649541
50913706731866540941 783550604
43497047750205185980 135368575
47047188865471966699 89462050
65340692955909986796 179172589
82721541211658821806 585417436
72709510638301551239 837361130
30575647540885954741 315823823
94511770562987764709 585123352
25975193972986039714 257712357
76620041491254621678 781061944
75528228850150281281 878712734
89922412791151187028 321887896
29358338648560372518 43342329
43977271270608356617 478191021
27851873930128962520 621088146
49243189900925983749 94494895
29760153039285350972 442519365
70032201833385658858 909221206
39306055083598452404 623687596
72159948577917042960 368647887
55663851565204369947 616344984
94217678435515333817 763039301
77098888110685013838 417876037
77649502713714954003 447321142
67481856757942037676 41110624
78129254026194452807 446632963
53884912588565398111 361491599
11166482774867281583 450858656
68171690095154038846 224777435
45139769026566436278 45815041
80665631118034193843 630190477
62995437766689695029 115491014
19681562286345101606 138382632
45022015861386641989 854555290
73874206956652721176 763486272
93380068074193328688 990857941
31276198628613341825 576633556
72243865752964131064 561823012
32577410983044429157 210535011
63001627237453196538 760441894
2456894586719391171 714519542
11350878384982104406 297461865
46462944366256619220 119300524
42009118208614639009 740958063
46271503694347893631 622695340
21674081942894966349 453663022
95315184336531136141 916386104
85765430751077261515 624938401
87297094171153295769 880366153
84566615938538404892 147893738
52301951408896362343 272356980
34706607506383355773 241345795
88541481575604323641 886370329
47968048320621451059 913454835
11867871821091745865 312673297
40710814733486280088 32696861
78772966440550747650 578873860
82745559910409504736 753014334
86255222481209849712 134385335
3433766907715732201 924996294
39629299521696395752 17662756
12213784272508889443 126560892
34591761209525503387 459872203
79606960998130571695 740345034
47553696612854503699 287378758
45701357661890898859 393019019
69787024416825471771 267427117
38452657689885082075 934275818
53322658539000103228 28153265
48614217610303427132 644519047
46259166686673445925 573362460
65575349368946019664 245873759
38031301135077794638 539798494
4590148066112406766 619115291
50703900010863123487 652426580
9712267365500219066 895599742
72755676577769423961 904985422
93333691315297958451 416115634
74721142168869358566 455998658
93469304690596131990 884335038
77819479873173154755 697324959
8754401093329603171 307409667
81620239435599179484 459460440
3472245934690866452 849359477
3533283324423747590 531548688
37063547689054828772 972621281
94899466527829975242 372310536
90239411797112528538 770045914
30375377010449053496 855851273
73163897529894681633 309149953
52464321104737352146 296148378
61004056080109326123 823796214
32677343489265849498 419258563
36768116715598897133 206631897
25256542715792784275 55822347
17425689706043550471 893673559
1492870782830153884 484558106
73557942418197486523 587589717
43130681348722916262 224030576
2487678577302809380 35494325
46189761577107603114 584540228
42348070815003726868 932001955
6403613791509505884 281268486
12780115323359780724 303809352
58235579248749797350 87423724
7839164243127124147 962330003
64265427031420460160 574150219
93881913248530913297 449611310
95073088429336292635 825417970
45933532971773152720 741344266
78343340551621664788 295811415
64034741929521127321 278996572
54055627237328298660 215315761
91064174311577926999 650509231
96927792743872476075 882785666
20620388590176035628 826340019
96136136708154747473 518046905
86182932202666068527 698116720
44256894325593149159 654015161
61061182568131803882 843917931
59657668570408473150 825544479
49851056476745793127 850500388
64796465119581382382 945134151
21016561550252758651 461595139
61708459243265728751 936458177
6688645030852557048 407548121
76287505260586382460 106987039
31875930346668755076 932209683
32886821343653173223 948343752
88067734972668605749 462472221
86619038685730107427 649851373
27997450753410339676 801210432
38278830408766678705 830079084
94139654502304656330 443114765
38308006758810863179 721511086
5672935318312143056 54624434
97171609597295456456 103023133
85508202714551671336 745605022
60045035001750609820 489004637
647790366430222052 693070573
1054863014378535820 294262946
2523334678729807839 274099925
37980800059232548927 348381907
30525386772787587094 225755503
30076462467315421141 63117190
12530813913986389291 262536279
10179066002621704253 125117599
49283369094974042261 825306650
87649770638098214102 802123097
66837217314854374647 732633725
35935330303877171432 819012215
83333080899652309626 808328602
31028860542833023747 44302338
17342154394604119528 289764358
82740066870093427331 557160615
55298040906554203707 134529416
83834023491967314252 155696017
80661529689499964023 644527655
89966498285273946834 442786945
93479396076631524699 143287121
16548694517114589510 975146142
73212226868101268836 492306065
83031378804337915475 196133453
74227951169474152926 897358453
24091366885091546817 378862203
47230980149931372533 406700683
67581464052590381782 209468375
13863231784601386351 877255152
69241723494204335650 25262504
34635222075937176470 538609901
59408627315096015125 952771681
32207848597725399261 90238358
63552190645942244067 816310965
12812343657043858103 288170145
37305248448610759462 549027395
41785778891268543747 397136963
43654399421872998485 761423008
11328110257515787535 754159945
80068997495649174218 736240375
75399666078142930283 522112792
38421093018554839643 986723957
28313597576504840655 988217630
1053854253667817677 313369475
37588910324262374929 650417861
4471549758924196478 323998806
35159396382161340790 92708873
20821510387278663395 789003241
54210543835470416092 971785471
11474703953649483602 238875994
65459998675279523978 102051534
21474424034427279213 972519680
70448274167270218479 250452911
74865187493681905569 594798077
6401372441002475596 454650200
83101301200710961265 678496309
68236995734666917903 851178025
5226476301982668165 112025856
39302497370605497322 831086747
7663212710643143324 312908730
33737784603609238005 598541546
17546302792476094400 233217408
65859168165451593549 762791046
95516678135971645038 891898243
41236498666004144988 810369706
17265274292866751855 188946419
19014739232315953369 547115638
17379429639750998787 153082202
30599787468749547653 899049345
64342519176107663218 776983536
2524345602140223799 187485616
57312297698958864715 558136647
10732251821509777649 387204908
93560805037528405541 483958066
8038752610782724500 808431565
26962699897621071360 616803613
56655007111693122912 659537368
47139068394336655556 953343251
35018634491743092260 372073171
37656720572300071216 843075664
31294915028715314303 262119786
84622905528559012203 340413670
55891358369582836826 250964409
62881178539307415459 795652824
42712680982626917488 999390269
38445898723081398310 954479469
52269280098272766860 663951405
40596221055964654530 243929472
75053866325809871086 227068844
76556162201831999540 885261686
56793989428625877193 732848759
86324465288377700545 5449879
35411133619330795032 519434668
30538378461917362368 620299055
76652612341813642035 890160729
35015941564279364748 171788366
57503543441851858513 588410059
33955289604025157872 234638395
77106111069905518992 959258334
32564660544118747777 549685562
91456743955598713901 249282852
72916100328879978831 737453275
56694100087941817029 972389754
15323484615760109866 532573448
96933165815134243549 953324433
85080724628737481542 472052778
81714134410646142701 166318404
65204965776015606763 77797396
75001175082713503247 486047146
51635259494743393853 29429162
49277924959254014602 629472424
31758877363078700557 24665813
50557682187345910637 605616961
28577581791591716400 811491425
29724490136455819886 282674647
14695823721519274746 885404035
50053539057437038448 609385284
29019632627398341289 70459616
43106827455126334246 997130517
78284224889886347636 269377589
70413871488118006379 328481203
34204456846384044546 172673749
83691539939367624761 18553795
36893159796948519981 501041796
59972563527216271346 734427101
92491555333907034625 607628593
28894537112993099193 980251035
21883796185475131619 860534190
75940582652481681486 338028043
27877145809783092046 819783931
65052063279256082503 775583859
47416618247847076195 151987793
74261306247855146029 806502056
4808119080065811880 803880813
37295554502125816969 1686889
26621887591549076420 254444583
86193989526583776803 363896497
29609344829629393009 673030066
19781383630000924498 752682102
90868997249868708222 165100369
31358730360329482860 992857560
15693963503798996230 519633855
51778714013412601575 398122421
48051269798528692151 350598590
52480167603478606039 501313236
34984602122367955762 235919498
52779086286326474163 690442978
8018812838921395103 889237842
4207191877776564154 303664746
53315401947105376856 515496414
2897544620651538656 163197851
51872959819442609576 574772361
87773265272561271882 994612304
39768107879490464242 699060430
91065125284776666705 961968666
39431103748552467491 385766439
20687569778796799675 431119510
47346695085830618916 650967204
46926305662253506717 527446949
44114304341482511801 433912226
62925180404286247862 773573821
47323863048220790932 741463144
36535116744287707562 601685914
88286325933314232078 260131570
37245696245171277947 436893318
91079681250070432317 10740552
93919672235779420989 232444746
12939683103309224039 70227394
88692223716015630956 24079816
50238858459919462725 888838434
62683596025776832856 413650464
44181628308101735771 892709174
91642658406618268061 579794243
63305567567538129380 374386652
78788283426771576810 3718114
27469533624979788695 60721738
43460401313851426686 636875142
29359004856538255487 889435089
5228785483167855235 840299015
82695857842222849310 128591406
29302563148496283456 263043744
31385091538083912570 808751046
32703132942115149140 963577563
50562427862090712291 908977978
14528411979831585214 991327296
84938782702480580633 44006296
71378621216295569527 22352539
73703622383943498928 648239944
57870254371927930490 599257977
33283805698770870776 449795966
60514272734130286011 473034703
92635744930390267315 841596368
18658575977111791900 910013696
56183270199738554901 23777369
90275005326750768206 753297398
64862978681794682884 803479017
40499620591259344979 149565878
39954369250462586310 460981684
66600750858851504919 859542000
64129084852875554698 706894034
52046096615844217880 296568730
12988661414828676246 3993899
7531026538735056307 567533629
74930755407423290191 679882474
91964784342327797573 271963639
55741808642182474658 483876568
92711609165355106134 592511119
30114587515197455570 193057476
16205384722720392659 138272446
20743315981344054770 616343214
16684897083792706145 538676066
13652270232835485899 243668787
5168641621982045506 309142146
36234068193703102718 526900369
13066516916595560903 752701863
137205898942630777 230512203
28969448484673972943 597033360
80112297718750582470 52353669
37101985461804717590 363745641
96189307985973496569 333059258
35434760801355731378 511817319
78457608550029397397 210006392
62318366511936949131 38925564
33171087483942019216 240024221
96316851848286782909 988565190
81866661604752672574 983562504
69473916162246561570 604128441
8652491697999594740 464122045
28389662843831878760 90418557
63965205970889271246 439365352
95717612682909994952 189120420
9706391897262150474 921693660
47812186471561641832 775372828
84572455762000026596 642753321
16113881056556862475 317157513
285536846253430878 248613967
72693060608849453455 496139092
83360554493233772842 895863978
33294259775850011521 654888239
60788163939047538122 383598024
54298919475903718801 663579641
26035329565213307668 483609482
31710556670341961969 59985739
61459346678655054502 833054787
61840004295026998291 932585067
8896243530708902685 554346289
86831021784140742625 429022933
36050751333110487049 426156265
38119505580026753577 947524119
33186305080776971675 459063807
95168522382549853270 355418552
8834849259334599648 809624917
31405950700697918188 819088611
2575648420273927 273122977
78231263059727321825 953654840
95017983758722498870 124152449
60817248393309699979 122190586
65365745338562935163 632184219
63241448021438631985 42918921
90810398151039262565 564478949
66540683462551296248 342614259
81403122853086684553 831724984
69444651368159545832 62232699
52855728753900050918 782091093
77783313029341563098 35886883
10524723458720010910 867596641
13999877684479432252 288893232
49281397597405362638 47166513
60048841298716712637 803471806
77134313792347060082 7474245
52372218482679831866 318171712
82966411681990872458 175081659
12595913932376800864 130304846
55087994420138759990 155053383
14494008384607788588 426250295
11618006797259912801 103756378
61509635113822797411 145540482
31178246395278166095 68494235
67503253713562476435 536024567
15799395992171919069 572922259
20444307231408627735 590584472
65627741524283010432 348696068
99487800708172168464 214840864
78246064193636488138 183575169
94003770898091059147 593258005
25498632629003687786 162866601
18063497739862108488 644639135
35233407642239390042 509922482
94492307188017197951 480136828
36640025055871056138 75249174
84836072259700939726 923473491
47256641877195673669 890722581
38066771197707646655 71361507
9103726381109460438 457725901
48985984450350409788 951493166
34045098209027445667 231229543
51258480831786485162 286121127
29279553526520587381 436180312
96577173627426687587 165398374
55591321848166189659 626600485
19480237592755206996 6815143
21983488506626197915 241028715
50910048575895117928 199432605
30008499165054703519 429060532
68117955319237415712 634367154
91177819888157594819 333980860
19060017548693921437 299588751
64957001337206104435 608264430
80193628348063030179 975325090
55184071704496954502 808841989
38649575074174481044 654927107
78357424551248977803 714568817
39619302313111470255 239831080
10544889780166081823 674881071
6227786981656646189 71813726
61644553646233061990 37932659
63904482231434428448 353769322
13663850083315116790 718639731
58353134945984444249 392068868
15299450403957101955 199065032
6886147331802987027 494975533
18895504980639782343 947576650
44953328414257223019 932428348
75040790914443766156 798534954
97072152973363396250 280992476
7178716957824806124 364564877
25972122040804750915 705117981
51965824491413279687 778305443
67741961714560667938 165404449
44455520460342132216 546347074
85189088677896540214 736609115
1581578065995139053 54255932
62817176312760482186 425751319
31048168641252747221 525217967
86072671387514270353 412705119
560728476250896316 315210720
53864564731578724394 712885748
23374751383023785776 100361857
53458193244816220276 226332463
53871256403355174595 891007176
11241503705348872279 970714077
45062546877842858121 854825253
41488119900597180907 691156657
37188476803198923164 877620030
92887513573130858814 196080324
93939219537221663011 123456916
91045707037400596198 301376772
89000686464176985307 243098161
28055788705334315564 484049590
91549082663168769935 88522863
40354705163333904551 865935565
31839393282916914042 774944538
26774113950893223328 154977968
87301284322837213843 343419157
47737148753950463789 293953385
85724183626149425921 576243461
81885056829728812055 129995440
44782360326872724979 959282877
37720265244061355437 868431425
57459823366500861535 386916558
35140015231872750766 426476172
60205126970342321921 424619392
7406049095447435568 656795097
90553109194300303628 924266596
97509503075119279334 92618722
67390243040399193020 687043310
8464859343241634211 167004468
56013118812088360759 468709361
61370780320400831682 551508046
16987318852176380259 699612117
89916534319539981798 519794193
16092042164709177325 733718284
10492712767114268294 453330195
48574108102452609017 223030232
91377664164318546905 899029839
56543644996685868468 306494546
38204653491290217746 20506518
87960075462293270393 736516844
48860723420327991167 360838088
47189188296787343471 194749921
94284709984481151355 557019226
82182350926301093114 124860189
68157400063604260953 753979179
78469730724739345044 272167860
17315845449474461938 310097581
28489063469755141107 764550576
85528017007132948266 306462355
94774713094407436673 577997347
84660122064978983983 557513044
83076597127246103133 248636246
1246465833968098316 231809068
76617338870144610675 867284569
1712653726190433051 804716606
87524306115564581524 271915097
53272241740707564457 187362176
88578679432212088803 221432932
48948364644893743253 793301396
87908846521618758378 35204827
92201905764848943301 522335681
35790219340495564205 180703927
79518859018487054144 426572752
18589885188334374456 949058834
11022416757177616763 973168011
46838755313505915402 999254041
25008321945283125985 804320264
88289818307141090692 638081064
38583249100071145418 622298482
5473462625474192766 912755511
6792933593290880719 977567186
92511882028475461157 979217292
55760880862978609767 992473581
19916553328824773342 279675559
61791521257252228865 920078333
39570723445897787082 510402249
39867927361715205472 887597799
42780089661856121936 804301033
55148909882265569939 563298148
2988684746560264292 129129413
76903994405905151183 458722033
34512487556382521112 10424559
35030647772943495428 271489805
89094628676291844126 941970472
85839233899703754736 757997015
96382596328277890987 427490317
6632564613814847830 112007699
91658829367988921678 892434134
20580658216892016699 418612682
65666609472908395885 881176146
27721427579526234604 480121901
89152955165586652620 666338465
52056491659112551455 195883256
8802344703120491961 13230422
63641826624542629583 813231740
69719608724660512177 414953750
2095624584187054411 350251102
24767847370727609700 271165842
97783614124926968395 247928481
52910757896659926992 34305343
98597252294489809028 85232612
45093725326141611356 785977644
85769344383320656365 740673575
27134756928770786428 51093603
10521019792003716531 467482216
18669142196938084141 571394221
20038377734636322903 816602748
34411218669946699335 882977920
67854435963191885079 397024196
61229348494461484628 81301075
41599153435711086866 832901665
3781063575818730337 670999639
12513448946195986963 333219282
29015691957816910091 606402835
66457203989793669172 3136459
90964588734596876590 70857449
40763336391775443216 811631157
42255800691490185738 427671340
17800817157371836523 150386588
69041055423385882539 491038537
59177889806159817508 312493338
2684105833789318742 135356073
57700017924808387853 789604449
64476276729506394513 288634037
56762290198202302501 13502903
48344555783851639706 996417916
46917439127282450096 646372088
19067250884888966183 466369699
63575459684474877359 553942619
6040914732436371148 952091218
49260270201296093250 928901652
6140374775755296067 917753529
55571351771607239037 825795555
70516971642495654935 749932983
44286413601009562047 390527773
55957909876715206074 542050846
70212616427994629817 615222708
39441896495078986282 786742025
55475503709554806084 257181106
80125148861802239884 986269591
75026666645393844145 726872698
19185065762739086371 526255509
75460678756356513094 960273353
92473725039202011342 340361187
41749521746617021184 261059794
12761045239486735645 249505041
93963678408654426758 323219580
85589366011312459887 987970060
7206525715818813840 359713476
35664081944819184829 414211153
98052812347452560000 362057093
30455199626308103099 882465747
54466661100108362936 404572871
16528740305884599725 746855168
15453871657494735637 445464351
19568688440442217044 575816953
55528159864582976443 454630921
22606771894029882178 385161469
18339850374916249878 835314455
16151687108307742184 849897727
90311903060249516560 870252205
6712633755605620647 308323371
63391899284573492655 343752474
89316916235706569219 398571119
40032900350105337174 744560857
96076061991334477733 249475986
94089034317550511637 378907130
22118081667899511620 554206842
91375062392663181836 245552362
66052122603999735253 961719278
86352971212872691228 392579101
78692922842825169624 660295671
44696503450712720799 388035081
19842650574175469026 306455578
75670346423931647793 512691814
68692712375805749797 896528155
28064663908395424164 209579523
29762741244139261762 577812031
93834434260181083662 984330614
69848254473141921824 375763337
59377607212937208226 902714629
89903434050517224641 89200780
80282753073026982853 53033959
62960347750586468756 985654143
50593866555759824151 935205066
46687991003439021988 746780187
95429484199664010807 939271689
39090092266560969123 887026432
15496226141975363802 457936591
3025101136198198577 534258781
36626021209466911798 935761495
21071469680334224101 484457827
10150329502623923435 712942212
83795131691232676490 108786202
3129005748504133051 836650822
17095239101292533914 228411174
77332533275968926374 212407242
22386397555654008261 899666950
52437444336105612487 372192062
82898208156257099372 688238307
70054265857783567272 916740437
92718838926952103001 283710495
46361403926308197679 695584925
82699186670745379976 193246401
21840583019889791706 352997301
71295977512332144326 369740641
58183174744603182908 153844978
89751300532020675847 865597636
76961800873644918377 277894765
51450485394567821909 128707060
16179545966509822312 544259077
675425302471891444 978798108
5753053775383791360 31146683
72824578842795685339 96639432
1106813400607645166 766795702
36015281368792340256 939995342
88571140618735721643 290217664
4089020146042300366 270754007
75688815133735735738 51673401
57157512367376895887 389274567
91772429834522181291 445008567
30366884208504995959 841486567
71861424036751323683 800378299
30408733029357148918 132522382
86938694786117682196 491240509
48398321169265863770 561610818
37859945628902300146 466850472
2670984112212771665 392494150
96198181043152055618 990679735
15803271675801878875 412749691
39915432426735866176 867245401
3130182622268694511 790772462
23909945118558154240 760433766
58524118163297436902 536151032
3489492610176600862 847652444
15490422784862113801 412199252
49788441118939778091 470204678
50409365005845587627 485721068
85950098428382459596 335596022
9494880469234986575 802672872
35684999511795039614 550381874
20570249639966611599 784466865
25413063321500580244 338811744
88496582395264970963 951826247
27724281536637894188 479614544
21787445406386183451 966167149
50309029433863721416 807047367
87233140374887534374 156106236
87493555970042974363 882830692
81085769851618064653 429874318
56733365771103254304 209985236
48222919355013500139 18302344
63929232173279001885 78136249
76100488949078511734 9307852
95232102849031107394 990682743
82656749979238115529 119684536
1000
165159761049369432 241327367
TA481873196039998908 743959453
166585067871138071 855894606
779708131783804735 623760982
TA930154404823024497 998821424
TA831106231364907427 46814424
TA434767481346112992 97304019
381354019366558084 321480073
876830387939249264 682578089
475990344374180956 275025520
129226840725168616 695452615
TA178557201054536237 730803523
TA376065117802749739 894019399
56073628293176264 297743507
TA202679704238748309 50424036
781486876907617905 52286057
TA970151811937354545 96340130
172178939907412522 851443437
626915906693745792 272147035
798407561221323720 559769757
480045519537114096 905405215
TA325623007120943902 605275471
TA677090479609500720 644744196
TA47443212502323401 506694186
TA567728005550871817 746622887
330056384667475877 927835801
TA244554845582124518 612600784
TA486301649071689298 514083404
TA514241208725728100 348370864
276763548887781132 539715835
TA58387747733662207 246379173
586244281335294021 811383426
TA840165713356638421 534787953
353291482405602404 888027977
601185320811007171 672763455
TA697387367362846044 593937898
798096280695391530 835304484
TA276379761703143257 742661319
TA782278822437280789 928372758
TA123725363655112415 910057499
48339708427444799 897942561
TA594369804307125025 720246820
TA902735621729622671 920635234
445489136390566713 659478458
TA192522502425293384 38696119
886683831859196481 543319782
TA918849770933801233 129569953
TA491154653866473082 948667949
736251243559271560 426750190
280080163466106626 407657960
TA316638189425579494 524249829
TA557570283795517309 481336722
TA50833021199433546 861284111
TA419462126309412962 948490993
TA515464393729639834 553111050
37251701297920141 76712603
171431654588880346 607432865
TA608121970052536852 233981631
293812429207231373 361072339
TA458464491481563745 366244065
TA31881229041958228 801064198
TA524649496779246325 856966755
824327846390693766 826911032
105660946348663242 641771532
212647108513519065 142740275
TA510651174174076074 855412984
643518480926963600 387425648
212657438615029723 481025387
964503761609920770 358204927
TA636003047464372716 330565017
157866918189534433 619969193
TA107118555876120303 277976293
738008763497606593 785435454
TA682509334807698651 894030639
TA777367207629691580 504352910
957984877736013720 370520426
505536112801500835 776840596
TA276944501882384789 675152575
818010338026200412 9137247
146285757308373090 191281448
TA177377526238467030 528896926
TA906733937850545415 188831496
483555150532270560 882901554
TA15576956181534975 370117016
145450913789409435 273977483
TA587687924797636944 546231397
352400778897885984 905163882
857801758917904133 108881036
TA821026196853920742 639235528
TA756401360733077709 457457159
6931833035895377 984966916
688792417876690493 387145528
TA927490100861703261 361419532
TA686257240144870226 681257752
TA183139640735848266 405160209
TA570707624329639857 186359343
TA911995141990395576 502703870
124136301350437177 644376102
TA775496486424197559 397435296
TA992846566861603253 851692967
826584352486529961 295225489
TA379517255671706911 108824475
TA714468960023568811 832303042
498540927691949159 648903820
360363599772544386 230426168
TA616433137758577658 714081251
18873068566699664 945898115
TA505555640990093373 578739146
TA144337713860955898 312442337
77726513421280569 232383362
TA557811077946831446 619132366
TA236332325622336796 697346748
TA298449912321242378 288357091
TA296976320754675951 635872307
914507400186147888 361810533
489496192250636200 575895354
224741190452318619 762828945
75515069187620227 563521558
683594242871467742 921061172
84665421424681960 354639519
TA561457027390376765 208208096
755312872329862114 512373329
TA965227089492976613 28440973
TA694465175582775001 963139717
TA452493612098586699 788882903
TA315236315263787091 945324377
TA315791167250525620 493744652
TA692772070424629695 678598681
TA285438628516525247 271988996
342468172618828825 539330466
215877562555040033 546168499
TA119519811664153300 846058015
728905444632521390 153533206
TA838721770352128367 879791945
572410586851709869 796264524
TA555890579120523356 116869523
141970512003599517 792846298
TA330095783990541104 736152198
TA981325201369487185 388888782
756717180290072516 684721140
793625205054610712 377829550
TA504443830335516538 167204222
TA731322155761512213 501352130
719510722843267008 217339339
TA353660919149542926 351546229
TA999630238150633314 361041523
578771417544945785 434807919
TA323142637261757366 39696729
TA427367981393713596 257032008
410851794272368811 955869050
TA268791693626463819 140301696
365035186468633407 156853452
TA77658244316465765 270440341
TA228348166531231644 334891251
TA136303434422510743 768057933
TA675313727849457685 597914340
519266363996219501 397259304
TA694146513336643826 301516013
TA835420714894235440 290476854
111639284686135477 36587756
TA720088852337952745 909261148
TA590127104231020253 108070081
TA140631261850758127 995913256
373716860460158525 647351005
334858396592776622 892749158
TA844137708833262669 574230152
TA253723214370179662 305684779
TA61678562905174274 825292272
532727396454671075 538209207
TA472254654465417066 906689428
TA929077114107307451 508707123
326238506864992796 115803972
867122325923892772 547383018
483427661446986689 692611139
193227825592382879 231791691
TA850384308489621265 433264868
TA731056878587308467 755826150
688996059369429650 817903359
TA21830015109052230 436965951
TA732450470359498616 363971453
389791627716850418 605107003
TA905394010946932506 586782613
821051800119752722 467220154
TA535388544209755481 875899450
838513155708009819 535854986
TA679290028061715867 122261684
140644809763152643 800906313
TA64225950644656072 45325653
TA277673213107900495 570522195
859103884153804421 551543435
TA275046260174883648 493767420
TA948819036833897186 86718043
TA56488521924375747 441439751
543212003808993435 257692069
TA345734369614695256 804077323
TA343392182400820465 480766570
636326091828902502 57461501
TA298963375658640240 532982486
612547934389049561 255831269
TA367709107710806496 698134280
TA880652213442853614 840340245
667703995002693280 94120446
TA759722626843790149 536106545
TA396550829741846855 169308334
TA501561497723844045 786800889
TA350465083818309290 203094878
602330081535460531 208705323
TA508731490666094089 774887979
TA559154488277478064 774457921
391241940492304841 759584652
TA847196667675163460 456986345
TA856578647647960938 583656162
TA450810601855562630 933603484
952916893257297703 693757372
948962897553736905 84178182
TA808364908023643424 260715819
TA719196136504790747 884651598
821585800959211464 741967831
544163583808141000 694250037
TA327146639041316817 389198086
TA274163905893732828 799186171
292553901168207407 34284878
426607273302085537 879598466
700926138138319296 747040683
TA844278818072611367 906835177
757767197450910001 708467216
875976455700448766 483459429
925328441121377102 667570228
TA259946459473508464 151215358
TA336260304204133319 33317328
770489478890180771 567498586
TA926794946704726541 38428568
522906869062205224 341641095
157095361701675178 586816341
TA518747027062506210 210921892
TA627196756502991835 547561052
208669650255686653 56990569
816687840583860058 635611467
503699902571513873 755088659
TA16037619054621505 919264091
948284275857397480 60352974
790449470242129156 673040491
170162414733680415 345962964
922039947096592993 37745694
TA715567639717323369 261852129
TA923606581364781562 359816146
TA527262342196033633 706090506
TA717755116469727355 959297982
14845014051176545 443307002
TA199722324584766626 10573567
TA581922902513461335 412447031
TA742616544777356928 955246127
894475897302481959 977633597
441331916789535811 796690008
TA737364161308296743 795658180
177748322031941999 275914414
TA999888542519004643 47829176
TA203704174942559348 267049765
TA167258945443068253 225671056
TA486045530291955220 510361393
895565574180854360 337320616
588652361242612750 82969392
TA665729791036153221 480869467
312166056961470262 800299751
TA249908631481190774 268033771
TA370851152527738564 174567178
34247000281670208 920734299
843337871781222143 170759661
540689379572662361 401655551
981688714271871444 803413317
TA61960586062002989 257619169
TA362733178929704203 920385885
572824057799711807 897432709
TA87685493166081598 637406399
TA753952121068698451 190731408
TA864506548762441107 36859372
110600159180967848 553046975
374173829645530364 398891069
472006394646572453 871891410
TA119821153687589438 988380636
165626271080619728 574498358
TA521971004047719145 328525858
TA464496675639457690 745310291
849062549564579282 664666612
TA498146683565588568 491893822
TA641976912352724408 973367139
TA524355637353664312 986633881
TA234769874945938794 950028712
724668965128362488 425841593
TA667865624250177510 884389751
853988950642086346 698531292
TA546512067687364185 967519353
TA738930256185204790 638708153
58921873919287029 811210623
441017625878690401 817564449
620308445711748923 736827133
TA494338314801185474 853578701
TA108976608962891615 330873949
446664777958893561 691911440
TA920533592303708894 811718510
TA408292675256092890 368683932
716836778121710512 216072459
TA746914572006343715 576092647
617414898470406530 170272308
677573594597254157 972361549
TA275097177341579767 686286617
792426579664477655 305287431
134226346402323347 994520206
TA205391591887109116 722012910
337811012925258856 564278813
TA696090608668371578 54451491
776241011385705631 933659310
677652560092437186 691858887
647734442831522620 811140499
199241153287841268 45077127
493859715487944815 897936389
60768882251864409 819012522
983599087537017588 274167498
TA727368861496283625 688231239
67693004772773097 21339919
209688537605280955 907947094
738122617790101094 360741361
155397199992698294 881649109
TA508792595426606108 636498344
491485863057549045 9927923
TA794269130647709742 656874144
81267390582909067 558091403
243883144147125935 784185620
881277160380626194 764875844
TA2305012274435822 216967303
182305732430129814 115455192
528093087243384571 669166752
TA722684853279782424 982230020
45216797401552942 390681850
TA662850253215577068 436284048
TA33734740359651886 556235991
733643126918120441 107840028
331353397716643369 716978034
TA530132793278866492 613816852
TA920881040068587663 976892206
TA528596205963751071 869543016
55919421973721223 303975492
285182557763067673 975632819
303860398072545172 219413527
545376597494951714 840581948
TA694906754472948726 922035470
609638475062599329 150739048
TA190467164728425859 885139703
349362667615616925 207789964
TA661374922473232785 392948798
312033916011449810 953439007
477631636963594894 724749855
774581246607986805 757701523
209000261082778919 937037223
TA747133741134451362 637400409
815627770807613784 527599831
826472604443986259 80693276
83665567755260911 714525041
TA838314911585656088 378081466
529297148897891865 374498815
120689399337123553 821205641
259293049676052236 673896863
TA950764664835505596 837084234
924025112083052678 266830338
TA297662977894339527 229428873
TA185221477904329806 188499678
TA918758454283221755 72662807
TA658055502523875891 515126840
663571295136750527 461394278
TA117968696929431938 875873786
396311703890151421 375166415
TA406645419929235430 232622889
676945551117915596 853941
TA611967472103079294 67515659
164389222373567358 568476371
TA673413231654187665 95144409
TA92842554781494841 651548877
TA784816923743986436 457094102
902541599687859808 463806600
194991713504213051 49368730
289441155314661833 768871541
870786826301226015 911416691
743064541937966385 994122558
TA265456601819108486 474985285
325826338150025559 741290685
TA52336284549001974 227634910
TA168231208432783717 500040357
TA356758827541275786 235815467
465674325274026886 970535879
603726990921834306 568567550
691773588812048047 542195253
438076711171819590 369210353
73006952107683292 432884355
454000371259461957 190452453
909667570420936714 135020283
TA242761782082215997 775811667
937297220418434717 504844108
TA909965044332523714 840570974
709146316630738873 618850496
TA188182888854811409 868147032
189894842676554222 415664612
TA417802754403109682 253631671
TA894302625792194213 641853185
TA958658198882851505 768684168
965816849664295826 582585394
TA870937259521347074 122471407
TA549403238436331533 862475449
TA246932152839712301 32399385
TA308168222145135712 789246875
113451315795601020 694857934
TA81792786721958695 18560360
TA835746717804569763 761719127
268936537157090759 569070817
TA71078633201285541 60597550
TA445768869751060186 792686793
423454775868762998 261886370
TA491135404536993835 384198480
TA562342479072730472 992829415
TA428918818045970731 889674918
TA188701592335590417 254537705
TA9053696508002169 895638459
TA199240085673505779 886981695
TA673508823814727492 341616249
TA107456890782478319 860219308
TA751276603404161984 526058660
950603427180769187 540902025
198135037260522699 258866563
969603845694908413 709133628
TA255307104619402604 214513103
180568665190378532 262406993
TA575760904012633258 588985768
613272940725595352 743450664
TA864625384471125652 536361808
423715158490669808 127551861
438747307984166905 962331581
TA143112885893572054 38654340
TA761651684435705270 274044218
TA520717659399576204 562750292
808357935112923744 628485155
781346420784222864 367926974
TA482416832221962206 140427608
51703971603206518 378078543
879162820842773791 320418541
756945030720661598 571771289
527492713130794951 766019898
613542318459730713 265082574
TA486670790889278330 417407600
TA283641843134988230 391718284
TA229094582691226047 474800588
995620386524352191 367636706
167404060689337327 802733064
TA725768422454874447 690692234
986462587294496204 360852667
175391095934835957 53104499
TA588444877276739964 570883979
TA959071562834435262 115793224
912004702313876881 819187896
659741039832518338 234565246
TA640550456824651315 84372285
TA972958292880132605 177687502
TA334235248486299799 133313237
TA427779820189624229 184441795
TA45826919818613170 598659035
TA956618311441677417 519883430
84661817486849907 408675224
TA303856652066834844 937828586
240400371245564982 298609731
520601472469995706 782707801
580667590752692296 739150864
404292674198700904 690866539
322224288919399646 712309108
171989733559912010 201664068
529366692093080183 710764485
750696369625299867 438920869
306281424536445422 902737936
808263540129283075 175520245
TA996907994602867608 349777175
776619241490127456 50739567
TA909546648005311694 809232886
808636732536228093 344775076
TA544100049829397140 313465712
944739926480208319 233809245
TA350042550362575540 105269816
TA542399655433255093 148511741
888893943164059017 137590810
TA131717055794929346 508558072
435303220375439989 608002492
TA384170363340982042 242686026
TA395696104112608445 119203746
TA944518316988412399 541993403
33412067884535439 360292956
TA145076724323309892 574975660
TA92871100610418028 742745700
736577241378711431 165651234
448334096537188464 433730800
TA337363389103490057 181138794
75573900232447900 917005897
281744173549401788 268714587
TA661776677281080291 154030383
TA891428827755004841 58248776
TA158289166928507191 531644911
TA703642261827811882 698499127
87781381415276117 904631804
TA853199307069865881 135388044
TA121648577023860384 332755994
861628774629442006 74003402
80027600896020575 108423781
938007290601146652 106689054
TA12778850136917417 973253626
TA239239415914324732 206391402
TA529847023275289431 885439292
TA551637713230620476 59094756
TA738120534990281087 835117530
340490626215910446 909933499
351798240841798913 913295688
108557040086877799 591425038
72887262914283077 464823093
TA330340092974340220 444583965
576926685613739082 54278102
926899387958114004 490627048
733506585509449417 679275495
TA19805866661870554 330033901
TA726871465157786257 391814228
TA389908320518890619 446647299
284115644886163450 989606537
TA488365437184339013 850229042
449941430909962177 69306357
TA292898216891079660 262705274
270176011389871185 788218437
TA928936332006257542 129993246
TA688953089657631239 826685195
566195494271233165 338141001
TA998493434714980755 351148609
TA19385673900482523 689566428
126424488537063537 593203586
TA173476569440248633 379744061
TA417304447238204276 48806980
810498033331413182 95802144
230923893233331654 460448718
TA471990725627835771 803736090
874572060826580224 854627070
689704729403319733 724892225
616841098004746520 430870107
129788902156452818 755420835
TA845925226932628503 89969006
679144853702069012 661059080
TA537381044180780635 3488948
763107262904997104 754793166
TA547035793547402421 515919815
686840772408170910 67639913
843326155771978874 916544646
TA269855582462952408 248672434
TA884474062451944728 276846180
420479703873918412 167647544
821725377555424450 624755815
TA895249907950414638 849367566
TA652862142208898023 804552132
161115033092748951 179964059
TA921718599357783964 910613447
TA127303988398479836 319404143
230352179881023639 439828747
TA373000934181433968 362432614
TA956308339925871812 736254906
TA306301334662602723 512797223
589090900751927409 558750836
TA106735198920544713 500535782
TA72065371445211243 958766664
TA546621867888385972 409917237
TA653705547692422257 393755528
TA510222361230138586 88062029
TA581264084522024783 556530209
729797629861363411 972849132
TA721421413132253367 547327833
TA26518793648116872 775019275
107019799747036071 465863079
TA156265658322073078 379366291
712914722807295932 843160663
TA427232497985970565 254907659
295904715790586834 485089259
65815409654944175 787058121
TA489599526591605509 752809622
TA887422637258040734 949089031
891948754264126280 825624327
TA72919220190766109 936830617
TA444329737321234950 247456755
261153104949955959 482408605
TA786302409974504763 666375821
TA183394814402766404 73800596
TA924774814872017530 892315325
TA802195105367508323 232618400
440298458670278654 307590689
347622715743055589 797147628
TA206178397212116848 637069115
684265115158676730 189475440
704723442482101174 819914110
TA409530374441884075 299596472
TA739538762703133291 338645125
980108604622399518 447439811
844939711314371683 721123346
41552796826458834 807488251
TA796763821906317505 788547080
TA390113677280834839 282038963
901879425432569256 362206725
865602832164315204 466091039
TA134086841957830617 107912113
297668845840760533 960451121
42847095800350178 630866869
TA884980482108660779 136023511
TA995047521555665269 92856793
288640108022487090 263206159
520917620482794253 340237
357469022142933258 131488261
TA717900025932877077 400040400
TA320095208460754849 886240500
TA721396327495282401 332113187
572695455655910414 504659760
636202533202221794 172506370
TA267936585886968234 825173722
3328181926905818 400500472
TA167992112541680797 569442996
TA955317159074570915 114729270
TA635040403446908203 278071237
278797243784695822 585625833
658635093584259820 697266627
777270228331614008 88301588
389264321383140568 826811440
TA33400153410029889 522540130
682793508398335925 688125858
953971472120151035 498457097
541877102342902855 42302141
889854514853623026 493033867
921726064414933829 180841437
TA4200396421880032 191970749
148200307039357988 870163849
326223719575668616 433774376
520494141172703164 200828046
TA526893846476680954 910490610
TA974897432100838780 263177599
12614738835415545 855282534
TA819591877959154788 730044525
41673907217510937 631390662
TA888783452209256348 472685263
TA331901085357098364 726252178
TA275140160079556128 296827067
TA703633575715362093 107325605
TA381406602487838679 905580321
863748575059136564 388511506
TA902303465391001240 339710861
446462724836293931 505342267
722181320940067985 181238092
TA389198404795584398 622138638
TA720269758224740512 858088271
TA756009918825170320 687416478
547569303872505264 503111039
561703200154321637 233667896
TA276902128850853538 224583326
TA748469053737077910 931499094
TA918066067921191648 290926449
TA130266749254687701 492835103
270365020475385728 486343776
399146085863416972 779142737
357834034825918945 857367149
732640206489348997 286828268
TA33349728026036819 228452685
521826009771155257 159339607
TA883287253497441287 740452861
969254441129581188 659425822
TA628440929883287114 261406978
67591613445766620 130116399
615997149348173853 531425058
TA145680917026558413 340362914
TA28404526694571199 964324198
637676566093545911 280171306
TA674947407253364058 649485422
5417801274118573 300453215
314325920026841026 223727575
21295797446129238 569940224
TA325074251440664613 200213299
985032887316909939 447346137
220271152378274800 155586595
TA621301198984827242 459210557
897229947375244149 611675189
387783754673438100 905456675
TA378116577722663775 538562236
25923396855652661 615009934
673412722392517222 850126259
807151537680307781 111488434
911498651023965404 39149842
TA764849697850849799 704651640
937300361572513871 400726502
34050923521062014 154788425
TA349966617517826320 724780408
94497818104555330 374211231
117411297067777640 603924674
956987047100402469 285855111
TA154717535015134706 7743829
TA266333240639360836 890384564
TA299399540439607740 673453748
994015119537088419 285314086
TA545396718235861524 469769677
TA202381599752228686 320520381
287526260321093735 394523325
677680913750043340 659560903
318976074989203133 384985042
193069350410626348 318410973
TA236328483757267553 796049603
95923468236183610 155250506
TA692616204873467269 365343325
TA453227169175680777 413423438
984583120842775592 443223290
519372509639056193 828108903
574071006265912005 169542023
TA20366307972260772 800254015
TA197904921720764120 619743248
TA539724618151895849 898080212
TA678723678860047172 448524636
TA888602332912661408 676794628
936330552670129774 965572209
TA964244204017512927 839333641
TA603491186747169763 4239583
TA104733148030834837 903018137
432137724793997414 358354439
TA29442943541672468 198209165
TA949375179818220180 159626223
TA328639854823603482 149286862
887737606989702676 943128978
266566283644114532 916137518
765894240928861472 505754707
TA581543574409015379 829267693
37372186840375456 694541852
TA652768052151471331 783738576
101728641670982026 262252885
TA98794769376760729 789289229
TA327502767498935104 174383616
214058359946814127 554243985
587967780866705286 690674763
TA213434621252446415 339541714
175169484886039924 930198818
TA776653207421391985 254489531
TA378250729243983593 323844000
316551062164105408 291279423
TA6047802311619336 599821035
TA618590052117063975 306060913
608462508480129224 987969450
608805427703755539 664810000
34432374390936927 233264815
305479105277789091 472032744
759967417342480440 137391019
591398130226388086 909995833
TA550789520566605583 422533344
334009666059321425 211355047
TA645103989933357146 117027601
TA325035931069625457 577256594
TA370683874641700936 923417550
416104653419285673 728087181
TA517039567595076310 811122878
TA61895259606804600 521554277
TA204515816791284335 761202536
726202298527345069 972412557
TA609892211253778683 96121995
TA575094928267687480 557214707
TA832357427070230653 289417440
345494464362236719 72263286
593950350640636554 334668463
157326474587988981 367443164
572375656570394540 318520754
TA87036944232360329 143941464
TA232017444885774835 798463707
TA371601988319086332 440911575
TA780616632680609089 292143254
423067873083089062 698967676
TA477288392244456657 145676000
674778075641792002 483052121
63269511672480622 219343623
TA948743852321176496 973120647
TA13352676305810235 424419503
TA807963698720475748 301149406
117631028463841697 396362569
60918846061891884 590443923
TA450364303478028004 10882099
TA276734332284098959 45767027
TA911668017160068592 9090765
TA144963287260783462 306200390
TA595521689257357935 848913080
TA193824598721003578 738801505
TA87880463737032812 846489292
TA381488702332394903 931538638
544499234436254740 943813751
171174934467727336 8364164
300147912569723268 854701933
828255471729358051 563752819
327397783212743114 436070004
13163148855882044 988531768
201771697605912752 151058341
749397069688589125 460196684
TA717173325086081960 792928967
216354197257254209 248167533
530840909022300189 19874727
450959786896850693 539712179
TA574102224530839167 688271555
TA908868970087344997 907682518
801746298657376799 762067113
669389101082250796 23031050
120960747538058910 225681489
TA739357731432232297 845785200
TA214240661967840080 707787959
575481249486679053 246586732
TA858554332206352214 261099112
TA222272576918896140 111064746
TA908200349671408877 460155312
TA503964201506858270 314024003
TA419905193402310248 129840702
TA713335296280539495 110655346
TA463466226028793466 625147874
551821543792077411 197999577
TA301716626157444447 270789699
TA644990352835922316 32270281
TA331841366716755625 993351037
613668308467551611 543868354
TA638566233141455267 214913618
791463176026363704 875939798
437901922965569927 643338124
TA208585673044720438 266518842
587107650411964969 616534554
TA919740257245313050 436183413
915340651655397467 316372135
941759227364732530 229162421
TA337638073857569390 596620287
TA549005431590320020 970784481
TA643135830974836537 651247741
TA413374223798275456 888723528
316680235236152647 807128027
357833784573718814 774522637
14703798858175077 690680223
964113532233902428 118207242
510005646272891059 838761799
TA514759332757339793 650875983
426892293996777960 395200538
TA72442948617256940 74769142
TA545757872698522586 207002147
TA985589037192425219 631789141
175072203139093386 121130426
876644079918011942 723629986
TA809217335278969291 282151524
323903303982164871 46941044
TA285176949953339768 796189854
837400378885937431 935384234
TA751348944556911599 291368464
TA386640508159936891 80451524
TA692633366460189391 816861813
TA255059909625922444 554753949
49668895028634247 943983154
830047410853049492 74939773
885043310842264036 24886617
TA387065232778892021 482183474
312426333229176383 249721325
252588537583114741 361976999
TA706146714688766926 626602495
917563382767149632 953984228
TA828695485314575081 859303655
TA859179695936302610 429870916
TA580451420020556683 343356493
689762208381856773 286462032
TA948023019453201393 935902268
TA691942719933286578 972092755
653282867268042999 403973206
TA576254620999625875 210717809
25429913088212831 493964337
350531810882259041 616293747
TA828315823278548988 201570388
634410123006355503 787381848
250195058316902216 575350900
915044704372640745 546539426
878987645320788886 603334105
TA142945858041236854 45557207
118745598607414358 417820466
406551500795005966 272116722
TA794779386232832173 274438195
TA214376126435666928 513590808
TA431024132327598367 948047795
TA846700427836731684 105161140
TA501481669308905839 879663649
TA109679872149205764 768369819
TA573183437648565931 877681694
TA239395378481163397 633748500
TA242216212288680493 474337445
688367248128075694 388980978
544584367613410994 540378892
224806268723090690 745261697
TA115989713288717434 789708733
233292885467558578 933225762
TA466533615895812856 464438308
TA935761409898332484 523028496
722676106837137504 583074312
TA422659855114084731 995710459
TA52221645490544249 485008477
527390540775673232 806224459
318888639739376489 93100119
648418578678703347 219010321
TA282471751566705956 871470421
646878735571589886 434828631
691720229449994910 469203930
TA386588643247307295 383876802
TA969342499988348321 331033495
738567818640489929 444000802
TA284441563230264737 197726058
TA153708684543802857 535971007
860849242522850547 671102790
456151649905990281 341312516
TA569431231011493109 188320056
TA266763631620023649 638926518
449300765788747607 930208243
TA895824086762766679 53864507
TA447539807080815537 306426251
218061550130253602 535586480
TA18484164750759914 278551267
254895125662173739 602245921
433480147998595473 960634274
559921040264764526 164658388
TA640958907538930393 301537832
706099251554483756 802954210
105977139909755315 399964937
284814526077590577 87249368
TA953539926288324611 523206948
515304817998024475 708847906
TA463015596369208678 901583415
TA358312262994544925 369698369
TA49235342643699631 33616331
539533996953954829 974644256
TA801261961445089448 768703337
685714812172400989 814048141
TA940152925248490691 368018754
564258123366296323 724922654
870979091294083305 681140370
268864464255018012 22437435
303239228522845959 14652146
425087763269185476 809311791
TA659176919420931851 397611035
717485043210681136 39407683
410866179025136798 43755332
TA593076528920546830 557761143
TA278439738499034727 598115783
TA677890544137287561 67995251
560815601068300521 221076786
554991981497877975 705361142
TA687252950519279470 539110177
448359748932246530 577026974
814506101536211028 869002773
TA111675905812061905 475844576
TA650855142775534005 674702207
TA539115406796411982 997390022
TA730392021717299867 991532828
TA256583258160924601 737387773
922140410848271095 648731465
TA506089413891317803 821691913
675661231554624842 281052166
TA63104455402519956 403251048
142251816382556717 987146132
140124367234099550 473851516
626754547658848035 21861570
TA14712366366349462 623591863
337488095015782482 255612968
TA650931976666619116 39188200
607856953359971214 109354355
412726502059520047 468582221
TA432531047516325305 721786774
TA155554329150160477 604529556
TA11939588042915315 741842248
110100196500777490 602977213
TA108492420942121590 515577193
803408343432227411 861583742
876533367092864451 581491182
TA896903798065887622 895587217
TA758968496977810501 195806218
815453829729143818 799365232
540054334976283156 25437383
833992834882929839 276748953
TA688184853953035996 965234784
816339893908185608 803268007
TA19567510384698531 850328985
TA595397235174024991 305816413
TA797813357148207263 917181134
882129500974871195 206096945
267569071425360765 653002014
TA987344091495219119 276550240
341745182446316475 218019064
TA347509866713393475 326044616
41726146740164855 15027018
TA802832702793664595 152002251
454703642763677396 593023630
TA841934069508715520 226986947
TA228108322970258714 52106343
TA78589286187184780 606507691
TA833271326580514080 161092885
TA149960367482138173 271095851
466447484820170143 375885494
56796616807605703 127143261
TA508502375380552332 969037274
TA393139717552901080 693711209
744619293015462547 780982879
1000
TAjIMWQBoVDlHSvBoSpv 460962703
TAeLBgEFEfbluQODWoJJ 490011269
TAnlPaHYeNOjMvrievIZ 860446065
TAyrTcruCNjPzeXEGdRD 11506729
CBqKFmCDvduJxvpjHD 541749694
TAHeKBgHNpnyxMIvsfeS 242915458
HIZvZFIVnCbTirlLFj 150379762
QsfDfoHcsrhIkmIkFr 442485931
TAuCssPQmPnGjTKwLKhm 345867299
xSqBRQEtiXlSvttIkg 540061482
psffGkPThciWhygzGY 277811893
TAeulVbNfItwrDnUnmJz 593380660
LMgaOnfpJVqbyInmAS 379743802
vsADkbYVhZVsQeetqg 656298569
TAFgnCeIMRvXVqSUHXrz 906248316
XqHhxnHuTNDjIMXtHv 644798683
kQxewuzUTYVDJVxmKV 344148792
goGRknKwXgiEDuckId 610471979
vcpibYWqTUiyMyfFSp 884182065
TAsKLcqgcVNdqVCYzsdm 669929224
TAcdmeaBLxBtYUKAWPmc 511304776
TAZRAfMbqVnDFniYpDfx 237388480
LMGyetCHFdQkQZTQUC 790941981
GtmTxhYxAYOpABWaIb 10740888
TAkrLkdwGvciWSiYLavY 312292621
TABRnsEXEvuFUPEBdnoh 787695527
TAaThLKPLLpyujGwAyFL 69199909
TAYRlwJEzYpGrocMxilZ 273191964
TAohJYGezWQkWgGBlYnG 238876165
iWmWvMthEWMUYlGuGz 616590193
TAIZZPebcStWtXfQmcdf 91285372
TAPTipIdOkYlkSAIUNRa 736841938
TkMrCGQxGZVzEPSrEO 814317907
TAWQveyXILwhragoqFEk 764802403
zzqGXmkFmSaUnELlgo 376164384
TAiriOQGdlzFjrfKFnRr 168638008
iSgBmxbGbWykrqtHmp 970845455
TDawarVOnAyRaXBhvK 21813513
TAsOYwvTQIfTwixrKSXe 270680708
TAcVAsIcxCirbNHbbhsU 654965600
TAnMIPHGdtiASEvFpTiI 500694363
VQvYFmTVhQhtlPysyE 989626900
TAROSxNiXDfWqpGHhciH 925961444
sWlTZEHLgHRRsxJUTj 648348662
SqeWuuPjzKpIBZWGSF 123655446
TAqaqJZVytBclzhXgVVd 165179055
DSSawOdmjRcprOCjHB 811461822
TAUSxhPaTuMqwtSMMbVn 791037325
WznrPRFxwkqVZQxgSD 557619248
TABPfcXBrWJbNwAcjltt 264418190
TARlCjQafckvWFJucqLu 628338071
TAqPXmjcufaSVvgxgWqA 857953580
TAPQodKDzLrYBtRpxhKe 842306478
vHIuLfouKQLhAqdVSx 414975504
TAJVAnQamYaUqXtIfonP 676549939
TAtWwhDoqwrIEHuUiDYB 307630519
TAqBRNvPlSAoanqYlCPc 466253708
xtjxVgtWiDJUKXHZgN 296125112
TAouSOvGtabJVxaybtbj 637304762
TAySWjWOKYYQdDTJaOzP 914847465
wfneDkBmGcoEDazqPt 905813482
lrsFVtXtEWxuDnrhOi 117736393
ZOTlSPRXucNxqBXYZS 933955612
TACaMpwMyllGolxGYphN 588879738
TAdmFLPOmLsecNBonMgS 364690818
JzmpehFKDtkKOFGwLn 326160189
TAqyIJlJLJfrlVKMTSPL 646093768
TAqAyuAnfxSkRVBwfSSB 586763254
TAsFqMFEgfOVDqzzPveb 256238069
TAbagSSyfdnDsitIiDsj 701643503
TAyXHScjYYGhspGGNUOG 167715939
luRSvwItVFJJSzjYBl 211258993
RNeJibaivkKlqAlITT 107875480
iWCNhFrJWGkdImWygy 721105110
gxAdTQelTkxnCvMmdN 663023201
TAXkWOTglGOFQVKQKUxa 786664151
yOqvhkKhIWNZGkDccX 787780770
TAIzmEQgwooSBhDKsRHY 617050301
KSOJbPaNpWLDHAEhMi 262531237
TAbHdnyQsObvuLAEkomu 504787722
TAshxETgEdhDjNoPTQDc 154751353
TAQABMdkSVqlOShMICMl 916754094
xtXfRUcAnjHDpUUkMj 629552971
iYqPojlcTGrIgaexSg 962150021
VOPjkCzUrGAYWQVdUT 793456248
TAcDeAfLGyaNGgbMfyNN 88145209
TAeCsjBnRqHZKotBfxWh 788476433
aOxuYjgCFTWYdAYTWf 440207782
TAmVOEOPLfFGTemquPQG 833661066
TAStyofpwgvoRSBmENti 952238943
TAiqHMsXAOsMVvoPbaof 128330227
TAcczFAxWBckROUQAZTy 606006370
TAdfuxfpTyUpYOMOepBE 897492587
NsKfJimdPPkTGArJKM 915296544
BjdsZeGXzAAlnPuomQ 740340552
TATKxpHzzJldzcPpihxo 569750812
vLOObawhXUOTJqorLd 635251468
wDunvMMmMHkowwAtzJ 255901106
dWDNAqmDlUbKSkaUUf 869480468
TAaUGnAwACTWgEoseWlz 521674307
EEDcpbApRAEeKzwLzX 188306195
hgPmdFWDrPSNITUJLl 999690151
ziJNfyecBwWLENIbDE 604791137
srPlEoALubRoUlUaaR 730796084
VbPRbASsHQRIGoTata 453638640
pEHNHWKvitiEghzWLM 204315452
WmKUqBvqVXddHWqNXX 702219176
TANoPBAVdGuQkkPeppCv 240859842
pfRypqayjRRTGXRSvF 44533672
TAeYyhJgPzkxjTQrpMaf 909345052
TAIqORjwVXMyKKRyWTNu 453173580
eWSsoEbtSbNoVFpByI 948577033
TAxVwdWdDkotnJercRUV 247594388
TARYjbkAXkspHgBMZWjW 449900183
UzCTRWgewLMyTKHCFM 456652836
OmJaJYVLScXtayvFOB 403457659
TADkDGMwXMYIwTZqvjYY 202536271
TAPkkosJuGfUHGUDLzuV 178068999
TAhocXHMUIugnxcEkyKc 203831101
TAQuBPPiCNpboBkxFTSc 886249222
TAjDYdXsZYgjZyqAAZqE 600705129
TADrYKisfXrqshYAkBuo 498693207
TAbwUoCuoVHYEzKQPAmZ 552432255
TAsbvTPUUijbaeiSztFj 545622769
TAuFvPrAyeOTiISryOPx 826707315
TAxakKFMkGbBDBAcRzTL 670453306
ZUpDoXSPOdmHkfLMHA 30107711
EPoOKXfFnjSPnQOeGW 716357451
HPhqiacvtfAMxgnbZB 476326006
fNtLfCgBPEOTgYayYo 196530254
MVntKksSiGjTpCSQFr 648109874
XRWluzGqUeAeMiCpyM 924381854
TAWMOLIuOvyVunqbgWuj 261687710
TAwfRTfoyomoJJiqidTU 201684140
TAnpEuuzvMiznnRvnQwi 306352541
TAbMQhHkXRQulhDsdBiY 328934699
TASusNnFbfTwSwvjxqED 92104018
ttOxJGiHPKpoylURou 162608053
TAvwNkUgPNlZbDmGlAkU 334883814
TAhKCEUiETRbsGDGdSbn 907661560
ukhLTDkrsHVUwQzoCH 152501923
TAgpZynpQuZmkgmwrhhN 526413790
TAibzxhqMvoxdVlAxIcg 916967028
FImcbIRXIWmMghCqxc 856562389
KZCFOvNQRWlAEDWuVU 609785587
TAQHDjMvdzytfUvasROt 196963893
kLnksNyssqPBXbztan 876397927
bUibSEZZvwtCOdBMBI 442134545
JLIsqPANblXTPrpNvn 313290792
TAkdxFmHRrzpGyAfUyvU 474530082
TALZIkMNNLzAKYxrtPlv 541370465
TAmYGerEFnXNmxsbDaZW 446354152
TAMUqkuMfyuZzpbOPZHP 424169899
TAYHhLTeOXpMYmFyhumj 70135171
bUCtlaZYUuBcZKcEzj 622869721
TAvLrQZHkjFMdHyOoElQ 879813896
EYAIgPvtXVTuutObZG 951676638
TAsmcWxBkpoLsHbGJAdB 876157451
TAaYTjuYzqFyosSBuVxA 519406141
TAqzBTOKGjJYxTXxcXQr 401830100
TAdjgYPwnlEoYmaFIsOg 477393524
TAXSrIVbLHHHmUkCgyxi 614330394
TAroWZYCVnbruxMuhyET 360454035
IComNUPKhQsGPdWkAU 807410435
TAASDZBvvHPyeEgGtJCn 896935854
WueriOveatYUmJXaRo 993320354
TABHZMeSYydEsBNyyGRn 879355788
TAhqGSjpbqlZlaEpesiP 217861785
HeWFzvXLpTpvSaZFWy 271099886
NHfrKKHAREyijeeSLg 711572646
MgKFtsPIeoqlxjYnCJ 260111357
kRgKwTdqoGPWqczksU 1533301
TAmooKSkMFFQbtKmHdUH 334726951
TAKoOdBiQqujdWhnIqib 666896700
TAwpSikIhjoCLdCMVdCt 911957699
lkWcDzeudTsHiQQfmH 556541970
TAeqoTNBRvAvgbYsidYM 575381943
TAwFGiEkfLOuSooMgCrb 681363436
enhzCWOVciBQXdoRpA 624881509
TAsYTExbBIHVWeSKOSIq 814846992
TAKNPkEezoExnfXyGdXT 833866079
AFtgDCLQJlFzFaTwzl 534878353
TAZWtZCAQcCtQhjgUkEP 795887085
YtieJYuqjYOcWvFeGy 343907175
EQXkhgWtorAPKPxQUe 643903913
sDZvIMJCmIrYWFeeoQ 744261488
wmaeApQGFduvDxKbkS 664686314
TARItyQogfWpwPyZXPfv 93653098
bzwaREMonOhCiubMqZ 930774448
TAbtfZxSllPiJgPCEJbv 699715173
TAIuNwddcwxqZXsBxUiJ 84397464
TAkaGJONtfrUjbbGrowq 782186022
TAhKggbwTlcmsCjVLkxV 543642284
fIGPVreAdhNBfGiNai 988889944
ScWiqwbxWvHjFDsWoG 386554854
TAOGFodnIxfcLXYTiTRj 658395809
TAntiUbMHiWBsIcWhhtA 934923934
TAQggtKYAovarjFqCIPM 988536834
NlbpAdqSJJKoykdwQa 624839720
TAXeNwaVqascGxuisakv 347892835
TADHysHyxtrpmjLDNrLj 221063038
uVbqeetxdihuQQyDpq 297489422
TAbkSwIXWtXnmUsLOTSI 905351625
TAMqRgcnlMRHUgguyrWM 898900315
TAWIEzCrukhjqVFEwZno 521151852
KyHETTTMZhlhpjIZPJ 501881093
TAXzruHQsEgKZPRQHlyQ 113402000
uhuVjLbctZxQPCrkqc 901958723
TAOJuBfUnEygEjmSVMip 171599180
TAJPQrRTWJgVzHwtTJCs 33374992
TABCUMalWOEGQyyEBcVu 877587135
TAoUesqqdaEqTEPTxAba 567224419
TAgBFMBBWmIPvXvwVFAh 657630002
NYWSPskBGbJHpCYPqX 291088675
TASrDxUBqloATuTDLcjS 500642485
TAjEnJaZKcONZcNLHutS 24373457
kDsHJjcJertMITVywI 524148644
LnJrHDpQXARRCqBwuG 953434104
GDnPOwmHCGPOiTIEhu 648724836
TAkFAkdVnuRgkShghRjM 987497354
vbEEujbgyDhUdgsecO 474580565
TADLmJwDzcvdlGFuUrdQ 689665187
TAJPCPCxZukRVxUNWTOY 382142791
TAgkpwBWtfkbHclpIwED 5417366
TAumulMjqztWJcRpweGM 65856767
WNiPGBudsHCHEFgvyA 135401368
rgPwkcxnCeLxOUrbxR 262884292
TAAMVidwynBnJOZANjLX 87856617
rRcMerylKvoDYoXmPk 938291868
TAkjRpRhdrrNlcizqAOZ 158892965
TAvxtvgHsZyuWGhKjTzd 236865272
RJzifPPYcKQbnCgwwv 283140282
TAvCQEizKPotwSWNhfks 246906999
TAjCFetFggLvgnMSfvZy 781881675
TAdToPylFuVIpCTeSlQb 552146669
injnxpwKQbjkvzdLHy 840104453
TAJJRoWUNfTypVGJLJcM 194673116
zPWTwJSsLTGlAywSMG 975225333
HnhWSuULFxWtutiLIR 617046299
OXZPTKcZsuGdeDpxGi 69805503
TAkeZXRBptNXsuBsoacQ 75408519
TAAQMVSkRZoKavarYfLQ 141209847
TACvZSUHAEMaxgBeNfSA 414782582
TAVNdXSCQsNgVyXqZrja 377902559
RnYmjatvVBZTnmQYWv 190092111
zgCCWlSFVUtcYbECIU 885034428
TAhbNBZSiJInQymvjmkq 468269144
TAEnWnRiDzntYXHalIDq 199965240
TAJkLwuOXhOlWFtCLsrc 788237736
TAQnjUygkyDdvkseiWmB 118735091
TAxHwQTZmDqtPjtQTNLB 400935102
YlBIJdOxpCXGBuZvnK 322859861
ZCDTOCteGsnlACpmaO 739711178
ZdsOlXCFMTOcuqKnHN 659072434
GPwVZzyhOHzDNhrSiS 371285552
TeGERLxvWamneXTsEV 248098050
wmDRJIfjkUjqoqlrlI 74424397
TATpIQbUgMCMdNquutfK 865382928
XQmlGSMhyWDwJJYodv 445017791
WwzMeMpcXvwIEvwAET 502123798
QOjtzXOeTOelIqAmhW 404057716
TAuxwuSPuKUiffbpMsen 982801182
TAPoprsLAGePpigaFWOm 85206317
TAzNHWufHqgjTYypWNyZ 932427228
AsNEnAyjwNxHRtEINo 142007891
SGzKRCnlubtVgPHZcO 335346887
ChNyGVuYZReqCLUSGD 333551817
TAQUBZHLjDequjFzaSCL 709458269
TAOAsGYtbPTTFZTFyyIU 336369882
kPnoxTCuiMJAVTeoHQ 280297565
cNVIMmwmVECuBYQFJR 248823062
CjvWcpRZLuiFDwYavF 285000636
YCieLqoMEEDVyIcCxS 183598739
TAWtnTJlxVIUOwxEndkm 278300734
ARqTUZMDFJJdqiXppn 255883241
TAVTvVpfuSeyeGTpgZse 740989866
LVdPJLBmnHPovGcyeg 387570896
qxBxRibUqZAJzeOHIh 796349220
TAQWOSDTZuVHQRAwNQth 718804515
TAJKxEYprZXjmtzYDVYw 875371573
TAQMwdSvooyXGVoJjOtX 744465680
zQqUfkqDbKqoNDlqwP 210866731
gXsDZqvcbyDKVzeUKD 279732986
TAdcXXXoeJhDDfaJtYEZ 879686014
TALLUQUGhaOqqjVrvYzu 419463164
TAylKmvjVJafpWkVmuwp 903513041
qDzCwZbrNNHnVrXBHI 676938861
ZIWNFPfnGtzLIzEjGg 910208263
iSQLOjKazVjtEsehWm 774677028
TAUmcnNKdIOPVdLQplQk 710503672
enHFwOnKjwyOigHFkq 106810116
DYlMRfwkpzmRqCNqwV 560117824
TAnmBQSSSQodQbmvBHZa 530627755
jZYASsnXdjerNTZxjH 906316999
TAUxOjQrIxlovnhclETd 220705235
yXGgbtgZgGIkoQqhke 197144988
VPvbgpqHVynCqqcOSW 436821627
sUzMsywoAeXkmtZhpu 793706203
TASrzZfSrqVpNICTqKEq 551576791
TAIXcIvzMNcJKQPcZupB 249139429
TATrPEGFSMqQVYpNvITM 473822259
xYFmMZwdaMUIXwcKGr 565469879
TAaIfVYoywYkBWGumnPO 999757199
TAQzOCrovMzFcujsqNvn 183737030
TAlQZsQyYemjGSbVQNaH 842257826
TAMnofDstqjYJERfnEay 174207575
TAcpqzeABLwdgUxCBznH 436785236
wJFjSauSMcmmoTKHQj 524133811
TAAbgHYGjfwOhSVitifq 955769061
oWywJgqyLvyZJSsHLa 616563523
TAaQqFGYYWxnJFwLMdlu 811665706
hrYmImwVyVQCcAWujo 672060141
TAIZeivBEyGtTTbrCRjZ 144041030
TAFlXEoBwRTKJcVedumY 560567077
sZAgczQaSBHWlknnHH 285710727
eRVKtwvTbADNQAExif 675065655
TAxuTKDSowEVDLRfGFxb 985500381
oNnqembfQxnFoqhfyu 360360038
TABbjireBrWeNcKUXscd 51001403
AFbGHfvXZsZAihJbFo 30661779
VChsoSPnVoqMDdXpZi 376913903
QIcRbbSftnTydByYUS 214598519
TAjhUiEGQPAxgkFKVYdl 153569643
TAgQTGRWtYWQiTtiuwGP 230821547
TAoISPeAPqWgLWXqndkN 442735584
VAdjnhsdDBLkucqMPx 838591229
TAnaTBLQDgjIACWdYepd 260896532
HHSyigaIdfeoukIJXg 218986963
TAureYEtudeTxZkqEVsj 905941692
ZpLrVXWIjtEexlTuhC 507911188
TAJysjFAulAijhOEApRk 503692812
TAbWClenooPGmqRJcWuS 858757419
gyBUQARRmYUPVEfzLz 701484586
TTpAAAGWqiARyZwtTQ 510115093
hZKFUFFPJJxWsSyNKQ 491306317
rHbwRIOPftCaIsxThj 966539807
TAacWgAJjFYfnXTXVILX 73409399
kOsPnOIxpXPDLhJcVm 985448172
sHnlRscKHPiLfZCubz 644577114
BGCznIIIbfyUWiHxry 782187776
TABLDwyxspOrGKXQqJuM 190140719
yUCYpNbVEbfNfPDQrY 202272596
TAwSqgdAtYuCbEqwrSNC 159029700
TAYwSfRGDsIazQpGGeLI 923819295
xqcIaGCYVHgutTYTly 532364669
TAhPUzAsaYzLEdlrutKb 78737113
TAozcNjylYhRMOPeuqkg 122713891
TakuCSJAVOetxjICCk 438211731
TAVBfgLDLSfhGNYXBelH 740290274
TAxUhFfGkJYQDgkdjfiy 155687413
wpHAKDwrVFPOeIOIED 468844476
KeFKFUuFzsRzRpCKvF 465492251
TAvqpQlGnoQtsECQYsCh 701744342
TATIiwOpGiSTJEeZIwQs 231281477
TATjwKVYsZCBJpUtpdUv 152183754
HsyJFfXKNIgnIRrBoz 836635681
RIHixCIzAQoMplSaVy 645824262
TAPQrzVIlakxvpfJpVog 537477923
TAWcMGtqShZXPEdQmoWV 717860654
TANrgLDOTTtUhYUbGlIe 463319342
bteAuDyjQdnxsqtOcE 907293993
TAcJllakNvQfaFeQxJZk 384626784
TAAuPPJdjJuzGXnMuwLM 606380888
TAgehnmGWRaocczXJXCG 189419544
EkSVflvgUVlhdoNsrj 563569324
TAzxtEJwMkIxonZSTdPm 409225467
noNhswnavWEzpTAHoV 23308734
TAMEjKVAGFBAkrCUfcxd 459284789
dlhBgfWuKwTgwBiPeU 759858900
TAdnMQpkKLjuFoRbiyed 280534442
mXrZZGjiAmKyhYHewx 202671370
TAGXOtahccnzZMAhIBsH 497306732
TAwJHmtzICIEJAqjjRtA 823616022
KiPuBdPDKlOYCOeKrN 977015447
yOpsTTUPGfjCDuDAJf 529454748
TAiIkxUGrwnbVpSMnYIK 834607991
fpeGqbJLWaciQJBdRd 794135468
WAQzIzUETMWKiETuHH 661363652
QnGhboroegItoantZi 110269975
DvhvGgQgGEyVxpCSJG 537474440
TAeynfuZxxoLrggKzfFf 237814858
TAKbBbrIcxaRuqgfYNRn 646812881
PCxFkhyPGExueSMtXL 831221747
TAtXhDtXSadGocZlecLj 243543709
JCkgsrrqNATcLustqV 962299529
TARBPToYEsLlSWSayRSM 159370842
qCXpUlIiuGfljSWeZY 885158013
TAjTUqLnrgiKacPeQJBz 502442323
APrhHGKYBxmhyATLCl 973809527
TAoYrDXfzDxqzWqGnzVs 91910009
TABAwMMyufkpYohPfriN 960004059
TAJPfQWsHmgspxyiTvOD 695329363
ByaujKsTTojlZaVVaP 143757062
TAhGGgfRLAdfxBumDtYp 710412533
MBifVwtcGEFMwWrwwV 123299152
TALqCKaIjpZAuLnpvcGJ 760055839
cgnByKCXMuJbMlBTSE 71821196
TMvPLnyXYvytToLscU 462191047
ATiAdQKgpmmFbCuMKN 952415309
xhUNpgmdjptTfTzSex 637491129
TARzuBnVApnNwQYhCoGp 547611779
TCUFGLHvBcaeQeXxCs 125442141
TAWrNvZgTYpiCjoByeDR 61045729
TAuKVrojLTPYojwbNBCU 701745996
TAgaPvhBSwFOKnheaBcl 350409940
pYLcfyhImoeZYXWvxK 571934364
rWGSZFjGeMiobYsRfZ 723085542
sPFkzrFjbRCllRmMFX 285535814
RdlPQSUkeurxheeNat 481967463
TAkHBVScUKOPSSZbAUIs 397130911
TAfOJywzbbzYWgsjbeLt 795661768
bruqDQEofHyGYPXnWV 208200567
QHHbsnYgFkcAXaHKRX 345562587
TinKSSKESzqZWjjijo 684651692
TAygCgTkpqHArQYqMFwK 124577467
TAeYecrGLlrsThWPNlgF 809089121
VmFMPUJKaEVAHfIVqv 556516261
khrxbLXDSqaglXyEnG 168932801
TAtIqJVaePyKZNeqqUjN 121551238
HZQTArwlARrkAzDJjh 514886020
NnspughmLcpSzzCLVr 989215751
TAMKjhShzrVRpXrDzHfB 408941733
TGCbINYnYOLExNzLkD 913474869
mOEeiaNTJTGYzjgaPj 24256767
TAKSyJuOjQFnmnHJJOYI 719441105
SlJJvuupMUfqRhkmNm 289911891
YpaZTzqwKfYBJTdFBw 490767014
TAvshpAaLGkRPATdoluC 166901002
XpSweakSJzhgEUvZdZ 370480550
TAEjXGlEdIEVLLoUcQqh 450915544
TAIbZJOkRgKGUwjbiAPN 809218524
TABOyYTFxQmsUwIAVtFz 151468474
TAyNPdIfCEBfAURkNYky 774618242
TAUmXHunDrOJeeVwZYCr 826386719
TAoeupKYMdbfrqYwQQNz 556727192
llRSpGPwjgDygpJbYs 911828110
YYHAZXeIjcqXiKECpy 173894016
TAISDlZfJxupivevkrRV 988456890
TAlhsYChwOMFhlqPWZqz 690372242
TAjqbjyIbytOfLDAeZKB 625351120
NXcjIzQseUFdPUhDeE 673026088
TAwrURUceatQXkmnOsRB 262666904
MhrTiyhVpNwhMhPMnT 245426617
oDTJdEtteMfrlpRkAN 494520555
TAQQKbJEtVVsMROAxaze 875409834
pYehICDkicKLOarSCU 141158965
TAFykoBQCUcNpWJidJcp 800861251
TAyTxALkzJPwdqElGTtS 758137238
jxGVkJRVzyEQhElZBw 119113961
TAkVuVjFprjdAFdBknFq 650417854
tiqKWUpfRuveLsiLuo 212570509
ZKqbuwSkutWCLYiTuW 647207221
TAyCoBKKvOhxIbmmudOP 768516264
LuaQVWhhyFoUFBiSOW 608482632
ZBNjueXjatUFIkHAPP 483768549
TACajGUJogGjGCBlViNG 389018512
TANjurmFPkpngGHnkUoT 802855844
TAEfVhNtCqVagSYJYfnh 53249919
pNBvVIEUkgqGMuegVT 7770860
TAvqtBMMXwvpRefMOnVx 404929355
sShykfBgyKeSzuTMAE 712460981
AGhFhiShVzrNcHlclN 104826778
XhECKnJpouRfhGGDii 304332292
TAkczjGLlVmBOlqsKhiN 851615744
wBiYTAqGUyDTujYkXy 400423443
TAocmfxkNoXDLWxOSOuh 161416464
wffRTeQASiTLwqHVgi 634172600
TAHiVeDqEKKZKjAmYIwK 126653047
XfoTDAiSOFxNKUrgrR 938068780
TAlNrSYHauKuNQZerUYm 441308373
wURtisYKrcODlNcTgn 564818625
jpScTjGgcvXkTNfEDY 606838628
TAXmmgrbPGcWSdfoWioN 706509455
vFDxYSeIANaKPbrXHT 246303756
cTGKEvaiTqTmjTPvzs 860985897
TAEsvCJKilBAuRcfZbNJ 340710763
TANOAdNmJASAQIynyDfr 724205264
ZrdjoTVUsHtsQMIUoJ 612180288
fGcNwpJwxZesYkPWGj 521809859
dAFyIKBipuUDOIOwJi 15287961
bbHknCCKYUfNItGCNx 141580799
TAZIEDWQFsDFjhejJEvH 406521378
MYXXfnriXGcCQXRpDu 765057632
TAuBJErFUkofwijmwXjn 415867686
TAEALIXbyJKozDlGVjxD 806947975
TAaXtorVbpQJgNxBSJZw 316021165
bRZKAXfkUOFqlZwnzY 698199468
TAkKgQfGZVWRFBfAaBAy 436309083
TAhrEQULHmjPRYHxuqHB 398763120
fxOPpTiQQTjgHROjOT 657439122
KezxxFBczDmEwTHLEO 571529826
TAnOyWmYfUsBtrbCVBCP 440815778
HExRVpplZfAbITVKQN 732930377
stoeenGVUyEaxfBDmO 770997449
rpmraHFfgZCgpYSfVx 855881264
qrtyaWKNBTTqAQmCuJ 34478893
yBEcGvUgDNZFlkqeUd 510424602
TAhwKoGXFleiILfNfcBb 254867875
TAoRXpuZDNTMYCqcilfR 258241831
kNJhMpoWCPjNnhoLnC 400944903
TAnivIxTMqtmbTcwxezR 681337951
TDBNlZuGsDewbFtyjp 572281798
CYxxnpEaOVRbkvWLJW 569073047
PQHwhHAgPcRuOoJgZl 179199654
TApCBzmkoabTBxkyQrrG 97219368
GbpQytVKvaabwqkZtf 169204001
eDBFHUjMDJRIskUlXh 439568196
TAcjckjNivkyKNKemVVr 396366686
XuaDYlyeauHGdBGnxD 473846042
nEhpsZTvMsKCYiPKiB 753415102
TAgdHAiYoWlJoFojiYLc 94560760
dlOVTQbNWtEllasJGX 857893647
jDMewxMEevOWqyUzlZ 799553464
FFJcftprMQPJUXJkkU 524148577
whTKFSPuxYEgEtoUOS 855008165
TAwiJMzuYJhSCBnnExDw 838863937
TAEwkSAGzGCsUayWCVqO 691984485
TAZQUFuQRuvPPYylIfHm 721122634
TAUeuGwshuzkILELendP 885798286
TAAnnWMDXRXZIVTsgbPQ 838370911
yabnIwElEhNusqOJKl 316272814
TAkiNJSjaIfEZkVdNubj 669413669
TAjgGTYpQynfgZqMMdLo 877891875
TACVBPzxiAPwEQQrYAwL 931202032
fRwBLUiUTCbnzToZmz 763528035
TAuvsbQdnqyWWCDKkVVI 121083137
AnwRVbyigRaSQhWNTV 789765969
TARtkbLjmwZJJXtUDUcc 403542779
lKIYFghZdNCHzRXjFb 816650400
TAlHDTJZsaqwxPXFoOaQ 81921470
rDDmEdOHWDjvuUUYDQ 390271967
iJiaHaYTqdtkVFnamh 746912833
KuucajSqgkCFjEdOZj 333995417
TANcZcfZSanUingbeLRn 902185894
RHFsowCgsvQGkGULCd 757869602
TAnFXsjDHuxprphgNQUJ 53867843
vVYOIaxtuffjkQqtyM 538628190
siLwBUJMrDsLSSmUXT 184727724
TArfBpxdvteViHYadtON 361712721
TAeNIkKhHPwvnDSkCTKD 681037247
HmQtTKrtyvXtaUnPhl 807085940
TARgMGmQOKkBRpXraSnW 701609492
TALlxidqtfFHWEpqiEWr 730485947
fkZUNUoAbLvXQBPhXD 88293160
wPYxrzvnZjLljUjZAn 771619043
TAagvXQHMAbIveGIKPyo 909090327
TAPlOZMWRIcDOMLOxxTo 766252945
TAiYiLnyxKndwgumLtcU 985943604
TAqFjvvCzYiigPRjwxLo 536953035
arLiANlVRNspGWzdDs 971823886
TAIEJsJXmnoLMwRKuooT 510052592
TAtUfEtjhnzmRgmijlGk 145159044
TARfDfcHxFTCxLWhQmAa 325945387
TAJpburzNVMShEYIhAzW 529648822
TAlGqFQTDWMNxxMCNYzP 462818055
PcRmzZTmlWwuJwuRlB 220347387
ridfBhsqFcKwimlbpd 55448697
TApgedlCfgVijVMyxXOv 536645780
nxUsoupJuLvKqBARgg 474856787
MvPnUXhLJiGHfpZaLB 301216596
oTqwNvIXZGnNmZpGmi 130055555
msMlsPMpgEhkNGGXUW 811112242
WUbzLJxLVYJWYlTAgT 517655950
SrGbjZpcJEFyKjlcag 102573510
tCOTJxQnMPVtJpxwEi 147962760
lDtuFkNdTtQulehiHs 419499117
TAzBlGRLIGUwNpnhfNQf 409650908
TAfqROqPYwOYhjJviLQm 185552369
bNibROCrEtRyXUIfxm 513314523
TAVCGDMOLAdkIWurdykp 650798654
TAWWifhJJIIdBvqmfwQR 637194303
TRFQkBkVNCCfgLDzoy 793315856
bejUDywqyGivsvnLve 524784358
DhTblzIeYXvZryCXcU 245933597
VCRmqUquMEzCtCsTmb 728467776
XEztzgvDRpQfdNuwqA 363195073
VeniTbqVcNUMfyjvyr 383465394
TAKtDkrCcxYrwYKuplid 538562590
TADtDLVQDQPkzkHjfhkG 799735325
TAyjTnixxWOCMqemorMT 995512499
TAOiNnWGDGcmjCQVQMwV 491480841
bjCkVHuRgNtUKuuZGF 505864958
TAyrjkyzvoIHnlRTMkjB 660299170
zjGgsmXztEpXcXkuXO 379701645
TAzJhpattoVaQEkkCXWg 399963355
KsOyqJJJnaYDKMkees 256128853
TAtdkUWamFnVGIHLiTDN 127788377
FpQdmMchhfUCarMaOA 623954196
TASczduOYjYjRjHNMQqp 302577589
gSsCpDoaeVxiNLUAqt 10838913
uEbKchIjsnqEKejBFN 71326361
YvInhSsQsQihNQbIGc 101712224
TAqiygoQGVspPnjuYEDq 648488291
TAPrahaIvklpvTaFlWhJ 614004276
HjodQcoHfVFXXEtcjx 884028279
TAFWtALdQJDMuRjduAYy 406227100
TAJTTImxkAFVOPkmGSVE 879704939
TSQZPcjikAMLyBVcwb 684464100
QyrtlRitgHhOxHEpVN 695813891
sXtXznEEdkjbkTNiOC 50046692
OZIRjjEpCNxtKSdZJC 702284529
TAnMBMSfLPWBbiwgQeVr 268410670
TAcNDKWLSYPPXwLJcRrd 956327593
TABrBEWqMaWlnpTqJRhs 189642268
TAbZuzLfDeRVaCStNmCD 410145316
TAfZTlGtFxvOXIIZWvHY 546674081
dkwtcUYoVfmXGymGkb 66076104
ptkjVSgXnvnQGwtHLj 204125288
TAxTPhRyhXFEHTtlTzIG 749182093
GLoiHLfXaYWZzfwpsJ 185938724
TAqmVvAhLUUUcGKTZXdt 343561024
TAehTuuDEmtSlLSSxOHy 905729813
tZDPMRyIzwIOHrHMYv 968722029
TAZimecOIhETDycJgpSB 538017711
OSdlMNqFYxerYHWRsg 517075012
TAiTHqzCClicAlUgYoHs 478782634
TAbZjEWnLFtQOVwHURMy 778340365
TAbythAmfcDtSABxaqJW 414995182
zxaUlqyQRnUgJhncxD 775328015
TAFUNIzDsHzwLtYAnQML 250876280
EgGlAhTNFCrFrNDYHj 594825252
JlGwoykpEHPaZslVKp 363557625
TArTuyGJzYjlbmDcLwFP 334937201
TAqPKxuTALDvSswgFRfe 49753399
TAuVSoHOkjXgeIrcrZDL 462170365
TADzJexNbIhjkWEQAYRq 749172994
EEJnkhlnJAFjuZPqUX 953357070
tTitGIMkbbaZNpENev 504173737
GjiXMvWdjorXpxmGYv 303066359
TmBxfwaJQbGoZXRznM 929590443
TASpFoRRTuwjLnYYUVbh 923844894
TAGsWtboVWvlijNdZcee 658850024
TAbtTBahUaeZcAbkzicC 982181593
TAyMMZnPFKEljkKMCdhg 206012211
uAEvWEojAQNlUJPpiI 82967507
TADGePRuyQsYruXnvdAJ 887225961
iYgUhwDdqguzgEsdDu 103267300
TAYldGofkJEmMJYdEsno 757081083
TAdbHzTxTPKtOYHogWvG 649337893
TACOKVDOwWXIQMWjmggb 220656028
TADuIHnXJSisGzjviNeL 353506112
TAsJKiPCriDreImrXiHg 614965090
SSBzNEXlmvnUneaXYJ 323437521
tfhQOYVoBjIuCeYKxo 750493863
NHeHaPXnsullVBRRhv 318744018
MBTbuSGKNpaMuNbfeT 930512782
UIJIaDBnRYzHhIqqbL 859251448
TAbXzxhQUpePTeYmISBn 974182067
jYwcbLbEkbEOuXCaab 810671594
TAvCJhxSYrkHBMBsIiyL 691558062
TAbSMjdahmxSgeHXXKJD 928617456
LkCecdBCHFJMLsfVKE 990555281
QsJixGZZLWqKSafaLA 380966893
TARTAWZoWkkqioUKwbcq 603278306
vGtdpHGGUkGmerMegy 678732562
zHEgoNatyqzxKjfXHj 354139235
TAgmXOSDJGRMGQPoCopg 306357244
mQDADDrFYYenBZxuBj 294790355
TAlHwmEkOMfJxziVymES 12389413
wtqWfPrmCKkSkQTnHF 40937336
KRZoztCAxYFFLAXqrk 575386527
TAqLwkicBrYACiyHhdAc 724848870
CzWGzYbCxQEkwHLlGg 53440510
TAuYCnwMyruViGjFJSof 557026671
qeDGWqGrRCHnnZbPxs 350582140
TAHklCIYKvyZTVqiTiHo 272067126
efMxcslWzpkhqqNREk 764032405
TAGkZlOwGBmtepZzQoNR 780881539
TANHdDqJtwEJnLeLyhNL 77202123
TAvCYQePVlGjHLQhoqwy 765572991
npoMcLLYbypvMariAY 547805520
geDaOBEnojGsCLHGaH 462000477
TAHonRunEctwwhgjdhiS 679184814
TAIpnZICSOIjJAJKjjlx 226447269
TAHOFgmNZOaNsNAoxcuA 240744477
TAozsWjzxULmKddbxMcO 736582164
HfYMvSXzkFUvFCLQvY 79624838
TAJJsreObJkpHxsztpvF 792124827
aBTLqeFgyxzpekNPcZ 213118100
TAdwjueXqDlDVxGCSxlu 53665261
aakVCsgcyrURcSVJQg 527678150
JQEKrDbFgZmeZtCzsO 483825491
TAzhLdaYhrFeZSxpTQuv 266885582
cHoNaEzjutjDDPWZJM 487764053
NLLpErBSGMsoLDeMcy 591385776
TAFxneiwySejeVOBmCcc 894535165
oXpitBhknLBYAQcOht 701359958
YicoTxQSOtxyuLfEsY 597413117
xyDNKATAmaDqBVRCvd 529458772
slgWCzJfmeDImhtozr 153121153
TAbMxKFYKtOJJDpTpGdT 250117507
THLmxXMFvsowMnwqjD 683423418
vhrQxzUlTcPHDdRRrk 856451120
IfUJmMBmidzkVCfGlL 970251580
aBjzlESzcojiCMBCYD 54787653
qOTmEBEPNItWYZmxmH 982260359
TAYdRzsxTRohIGpJuCTu 167236984
TAFjBojkwjoBiSKMbyAs 931255838
TAjmDFVgGofUBmISVKKs 45145981
TASUVwqoBIouYczEeMsb 176763450
pRGULVOWeKJkfpOrHr 973223413
TAeJntqpHQNnEoQIqMxj 147886645
AJmlEFTpIPNrPETwNH 777729301
TApBGJtWzyVqcrxZHeAR 425864872
TAnRaAlSryhBzkThwCqv 306514549
TAbAzHVsruEOEHrPrdzu 769213226
NLBnDpxbUyZkDfZbsW 440672915
cCcTipdUfZlDdkObqq 294850965
hiblmjBmTWOdwDGmuF 452402346
TAwfQAZMfjczHZYBWyoJ 590315254
TAaxGtqUywDBctOkMfaa 148855339
MgnOxGsfZNaluzhJqH 738410302
YURKvbXmLgjnqEzOUO 890759319
TAzCkQuSwndezMatIirG 269409658
delXsNwQyKuyuiXYeD 194623401
oQmojuQTyApCpsWrPr 8984396
TACFPkBTAZOtpvIqCwsH 950500418
WTvoftQjpbczsAAmcu 354883532
TASeYtUOiJCZfMlztrQo 917535909
TAJBDQeEfiVBxKrknSmx 837823293
SYdVGSiBGQcdVciExR 798746933
PWrwUlLMFHeIBnUGqO 704297264
TAKmguTknWmIxaSXvynC 58939721
TAZYQaSKSMeMkgtjOOoQ 42015993
DYGsySomvSbzvRLCzp 57167148
HNYaogfaBXmiylxpwa 969499654
JLTpwjaGyvQgbAXtlV 390049960
XziMTDkMFTNIPikFor 237598249
TAlpRUzdxZaYSbkRrbSv 134983637
FmdnpXzDrXovXSRpxc 978078302
OgGRjIQWlwCpnBhIrJ 120462038
TAtNErxqgigjDbQMLioN 396073626
TAhlpaEnZJBJbBAnGSmW 309055222
TADpMUMiRtIcdYSQHYfG 995413100
TAxWWmHdmtcBToFhoaYU 428516115
TAbzjnZicQyMISgMPpcK 463873691
TAtolCQkuiRgNfeNMARP 217290838
QLmZrNkERGlQdQNvfC 409274666
KHbABjFLkllepRywwu 488495938
hyIBRtnlAVaTrIPgdN 590054096
TAqCojnSvFgludKgoYyd 835117753
TAepIEiALsLQQMGEfCPP 525827862
TAKIcgtohWnthhtMTukB 463870208
TAtsGCqqCGeyAIXjNfUr 511609227
TAqSobtsqFCxlttxtxZc 974167531
TAfYXanWreBhkomyVBXn 40633870
TARERaUZEFNRQYUQnOUS 246449724
blMflJvxTMUIdeucwT 560334968
uWRwHGurJxxTrWpWsZ 231909158
TATnwIryoacdPLyJkTTq 876916927
TAnMsQjONlpdBdhqYRga 916316303
FZmPHVzidYcYnkDlUU 566111952
TAhmWEzoiffeLqOlnrFb 120818630
SprsYkXafxKxsHZtKi 78291693
zWIxZJZEjjaWvLqIwx 743588387
tEcittdJINfVCseYAi 649489650
MMMSasZcOuElkRFXmT 265687062
TASdJieAdxkHnoKJPhTx 868902217
OdOvFAXkDVbzSVGGrq 456287372
TAxZrboRXaKCVByVkCBb 573035931
XYFJKnYPxgbgojPyzt 563760842
TAUvzxoMthvZHAaCgDnw 625599642
RnqnxKAlFkEZsSLgrp 287046097
TAttbIRPgcAZYupNIvJZ 25185716
qrpVDUJkNpqzbzfEiY 861896876
qZSVViuePczLoWHing 4341125
TAvoInmFRxDLkUmcyLji 248558579
bSifdJZTcIQTZoWmnr 248651181
TANZchFIklSlXXSHtRep 986644057
TANjTFdbyyqYCOkSQIdb 315631359
TACWlLaxUywTAzbnYXpF 708102262
TAFFKjuHWhtFsDdByKjg 170728419
TAHVCXzsSUnYDdKuayMS 969203058
TAeecWJWmkNFaNColygg 706024382
rFNzICRFYscjHOoACr 509265038
TATRccvejrSBxqqQBwuT 115680766
TADJTXuWzpdxItjqlGeQ 457655133
TAhUzEexeDEDUOkLsxTP 857754867
TAtHnrepIhXiskgCkTtH 109997319
TAneqamuOFOAjQyOKwPY 572781008
TAXtYmaxeHSDGRrgrAQT 204297500
RxhlrxYrEhZBXKBfuf 608672282
akbwRVQtGcBZRpiMJc 374181145
FkZwbiBoMhQbWGxmxt 828864712
TAStKWuIlfOTWXNjiCex 955787706
TAAFVBUiQIEWzmrVyZBf 805257164
DKBloGnUSNtYPCmShG 409294675
BNgTlWFHCQnmlkPxxD 901484653
JKeipRpfOZhEGDLoIA 562764052
itrDuiGgXmyubZSPDl 354581963
TAeyAxkocbyVtsmmHPsw 820652666
TAglpQYWpXxFTziUZpaw 900047297
uPaKwWgmWrAWbNQpYo 365922612
vcaClyKJAKqvwiwNxh 981900315
FiAoklAzvWRZHftWzc 171979343
TAkRibmRYFLHkSNLlajX 836165554
UvokPMNwQNJKnzPHVK 473088940
VRUnuafPUQGYqJJoLd 262632121
TArSsksqzhSpgHKGpSpN 77607424
TAFDlcRaYkVExNDYSxSb 33144686
KHQpAPALTJgBQAqlZF 761450135
gOZEwEHyhOVMSKdwaw 414538327
eIHQaFhwKpwemWuhEl 498425586
TAXtoWKIOpnLMfJpGPwM 121690638
TAzhqySjXbTeZbdVoHbo 564721583
EgseevKkMihkxFGjwK 483790700
TAiDacxlhMjYcfjmyqUy 975467747
sGVSHYqAfkOjhORaJM 224074215
TAkZXVSOxyhIPVJNJTrN 869547880
TAyBVzjwAoezxXhZScdh 181355805
TAFRohrxefsiIveuKHgJ 402865606
BdLDKPSmqDgsjXmkRH 262198660
TApWifEYAZsidPRnowIy 373192290
jsIlSIqkMCadBlQxUl 856245884
dhJsfFVeKkjZGPklmf 135549355
UajyiXBgTQPMetPfkV 785893614
deEawfQNOjriGBjEnw 289602226
TATXiIQFQVsfrvUpIBew 979449496
TAYXnLokotXylgpbJmIz 440368070
TAssEYVmldUHoMtzKCNl 329771850
tWHCnvNkNvPLtdCzCs 676154954
lLqGRMiaRefsjmfwHR 574248168
TAxhjrhQTYUbhilsNjcG 906396207
qXymxXjQoKBDWwyTBN 837583728
SPbLkoKiCLGjdxSELB 622065077
TAQFOvQlPgLTFbKvwFNk 433992375
bpHqCRQoRGsvGTJfdM 626289439
TAaAvWwbyZycIjFUjgxb 879401903
QvyskZAJWmKTMbgZrU 967756678
TAywqnQjctvfsBVravJn 558429054
WYxvHDvOEqxddCMLtQ 492428678
TABXYeqjMgMNWLVemiJc 206606202
AQDzaPCbTUHEWzNaHZ 962901234
TALIIJvrbtlWwemNmFiR 590449716
TAyYCaWmBIKgDvgPvAth 583631541
AYYQntmcTBSnSwhTTM 695728896
TARRLNiNgsCJqMGeegtg 227255481
TACWAcUIRUTCcumEZVtv 336522118
TAdMVgFBYFdVJfeqhxHT 44303244
TAvMVxwlLrQAPTrqBTiO 552049481
NAOuWZSJvcpcIRqnrw 800132624
wtgUDTLlezLwoPfEcG 975250475
TAUphsgLfeqODAHowmgl 240766796
XVSOuTveCBmUQkdDTu 744893959
tWqNkJezAhHErZBESa 343572968
jxTkuXGlPsjOdepLVf 266183935
TAttsAXxrzTUDqNijMYg 869560098
TAozkriWMAsErwvFWUIu 688887752
TAZHyBGEdcatLmnxvtWh 874662906
wjpVDHwGnPUKZGnuyq 217948113
TAMevFdlnpnwDSdOPmcb 619304821
TAqfnZVQEQwUhfFtaDfO 419144235
TAJBkWMNMwtelMgSgWWH 637040950
DNDtEjRNPtJwIvJrAM 121326977
UayhoukSRkYWKrtlEW 343542586
TAhbMKUmSJeteAjjPnHL 786074051
tDrWJfYbCmhzRAnAFF 425416197
hCGoqWpoFlRuDOVgVs 562772441
BpfhLHudoNJjFrlEED 927636914
kCpZjFjFAVFmYcegHG 813095128
TAPvPwtbKLIyYWgUcQth 905437325
HEnEMxvlbuOJHpHanK 274771385
TAOaWgoZvNuwhEyEqbvK 92405342
GfuvBGnWyzJHZFOXVe 549868668
TAVvfULVOfCabAAtUGCp 247258626
eWTJQsVwWRxjzVcfty 548184019
gwhbWZdvOFJrNjslUq 157477192
TAmBHiysTjogPEFjhxFw 578994377
wcogHLFyNGDfiMCDVw 845654977
RYNhjrxTiFfzUppkRE 815141936
TASKzULrdJFJxoRQkvLv 898077100
TAnYeKsIcpUsibmyzhsJ 744421687
bCRIOwusJCVvQerWjs 42547569
TAwCxIaxuVXkQIDHucqG 228451622
TAdaQVOLcjsyPRpvSYWi 484043357
TAxsIyoxNAuWKwJRSzRL 659723246
TAxbWiXYqXvleWvnohTX 852691634
DMYhGbRLlYzlejxdJg 756596646
TApkRmXpLmegIFGWAuyp 359731598
TAYDOLUTeszCbGIZbEHV 796035422
TABHfkySIiAcGRfTSRFQ 198022332
TAEGjXOMdlVlvkkkRfvt 389109717
TAreqCQRHDWSPJgPqEeE 895224327
hAVbOWkWjsBTRCMpAH 477074374
TAiEIEPCXLLZkTnoowMm 591474388
SRflvVHfnJQJcoSpzC 745511006
hyuQCmmEKSoDoAOKhf 149691069
CJZWDJEpHKQpyNnpez 839022673
ezeQzUyyIwlTmbVmeK 719480538
VOGLgmTMSDreZCRpoE 592658590
zsOGZEbByUGhskLnrb 880748091
TuMFBrXIcQqliiundX 210176289
TAtcwrFHscMgfoIoPZxz 667443898
khadWYMizGJoqVwViT 25724444
TApVfwwlNGfxzKLUdOyu 800709808
GEEnWKCaOwrXNzrsvK 759793609
TACitBYJTAJBJNNmgpro 752347251
qlPeDtUXiLphPEuWxs 119019277
TACSINDggrutvTPZQXaR 727096401
TAeJfrtTsDDqmkYAfFoL 369854164
MoHpQYlczdNpCYZoKB 28021277
wKANVkKmTLURkRGnJC 957017636
fKvEDvznFgVmVJUnuT 334962839
TppvSYwojdYGUQdeXG 339646190
TAyyBaCCnomgUpsEVQtE 915679641
uQSfPlZecnfvmJRYfw 453987421
bXwXdngvxksiDddgUU 191478432
RBTWaUpxbHkJsjkccK 465222678
TAEmNUkMvgnzCzbzUWgO 118699959
BPlWvHBKPatNXvJYZX 539248699
sXkOvsaupUBouaqYEq 147958347
qKDtGwuPLboNccOcSh 564854737
POKPMJhXxVkwiJRChY 966443173
dYrzphVZrEKiDEmDjD 944457764
TAiJEFvQKiUYwIJgOcGD 780075208
TfPLFUKLCfLfVJcIam 867080335
TAAQKoRMMHXXTSaDxZOp 221200988
bFvLIWfGWpgvytmFtp 315373191
ODhpfWsoKGbAGznblL 96287683
TAaMvSHMjPdyFeEYWros 647539341
DYIhpmkyczWPrgeYiI 314115558
TAWqEomUDvWZfsOKGCWE 472522278
HgsQvywriJMoQHwJED 276715284
TAQAPhSmPBYNbTVmdvgn 375722117
TAQONzrwXDzIGdAGEAfY 617304744
WCyPurpDgWphwUiukX 725049578
poLyZAkluLEcrLCoSe 191914618
bUOWvKVfPSEgHNnuzy 374127813
RfDFSLncAfmkjCrXfQ 361100233
TAuhzowDgMMTMwDJvOyo 557231052
TAMqBlUuiutWkLJqoZDR 733679461
TAyFwDHTPrwpqStfpign 859062389
TAEcBoyrEOkJEKgLdmPZ 932328192
MpbnTURXTMWKWFwFBZ 490321206
TAXHvAQlXXaBsztmigVE 464053091
TAFKdsYVuodliNXJawTl 730472323
SgqqlpInrsIIgRCEiW 390604910
yfDjGfqzZOsWwkXhTc 569154100
mdNtUBerFuypUnsNjZ 725807738
KnBbPLrgrgkJGXlYBU 665584362
NkJXwIgYwcZfthuatu 38134887
TAMamVAzDXdRcIEcrsBw 877905643
YPdaNVAyJcWwqEIPec 949604727
tychhFFhnczyPgYALk 466623594
TAMjxtTSDDTKdvqyvyBw 742057916
SpoqeWsKnneuOHitiS 918387435
sTfQdtzvicEdDtTzZb 285411722
TASdOwXPNsYnEMhhbjXt 393350879
TAmxoMlOqZQdAxrkGChK 506463725
MrsCisdsasknHDTKTT 481165353
bqFionQTYCxWrZjjHo 521432239
pqfPcUJsvbUNYIERXX 996177949
TAZJGZnvdvfIeImgQpUm 910861209
TAgSehoJALeDlNUWYabC 823745028
VfyFlmoJwQuBOMctKj 186885208
AmXdIvdfNYnjWLEClk 268698741
BeNpuZOmWTIxxwDnqK 708610416
TAEfJWWnfhKJrjeVDEED 719310372
nPCIDGFnhYVZkmhLiA 535200246
knOopHRzTyKYlrBLsW 509755402
TATWsmbbKBhZxURxLKMH 743036049
TAtMSYnCKLcVQQdMnQmx 425067062
koDlbHspHbPOQiJtWq 924877171
usrFqrUSBkdIegNpkK 525483740
TAJWcJIcQtIxjYFoYwRT 200174170
apHlCGyiTFbBVputkl 555937235
TANUPFRkKEbLdMRtMibw 689916199
TAHVybnAiVFqNRNhVjSR 58523983
TAjbHKveUKdzyNTiksFM 151370528
TAEwRxmlXzHumqWeJstw 945505589
TAEEjpdOkHZzTNBtvazs 585676203
TAeQGbYgwIzzLJIJjvXG 229152025
TAtbKkZWTKiusDcBDZSE 557614681
sxMVlkXWqNOTKOmbkP 947773826
xxmvkAmcqyUooBwldr 398292650
TAQtQwolwoiirJhjINTq 212131804
JJyzLwsXhfBQfePKYv 176044937
vSkzBkMqeJMPPDbKBA 632342725
XKkdHWvPPULIKUtUiT 559129317
fvQleDtPShJueaMJDt 988476866
vmtYdhGDhSzNTfdjzA 935439845
AUsTdpJzFOVWAaklDE 213861015
GPdRYhDCcwXmhdzbLZ 863837362
YgHxHfZHcGduVJFGpP 654975858
gPLlatfUrwthmrINCa 40751990
TAnxmobxkzJoTRHPilup 649041934
pIkmBUJjovpOsWcvqy 100147104
wkXDiWepHifsTJjjyS 252659266
TAEOvOBxRBKjCqGhjrkW 892679369
TAhDmvPTNcjRmymBsRdd 591533365
XnLMtjQsiOGdaDWyVv 921564589
iJMqodcCfmVPluYCSl 691983228
dbjPAZYlTepENysurb 115825468
TAoUrSGPNeVwNriKTNPB 180066170
CjGAAdoUQVhJUisNyL 191894885
UJddPCBXKGENQJlKWq 4106677
wVfJRaRBlGjaxESYAp 778227409
IdHAWjgxtuxhhmLGCz 160695709
TAtZaDzGbtmYgjYxkgwW 269899793
bqqvMqiGvMGNTEilJs 649381616
