18
2 2 2 5
1 2
1 3
1 5
1 3 2 45
2
1 3 4
5 9
1 1 1 4
2
2
2
99 99 100 51290792
10 20 30 40 50 60 70 80 90 100 110 120 130 140 150 160 170 180 190 200 210 220 230 240 250 260 270 280 290 300 310 320 330 340 350 360 370 380 390 400 410 420 430 440 450 460 470 480 490 500 510 520 530 540 550 560 570 580 590 600 610 620 630 640 650 660 670 680 690 700 710 720 730 740 750 760 770 780 790 800 810 820 830 840 850 860 870 880 890 900 910 920 930 940 950 960 970 980 990
10 20 30 40 50 60 70 80 90 100 110 120 130 140 150 160 170 180 190 200 210 220 230 240 250 260 270 280 290 300 310 320 330 340 350 360 370 380 390 400 410 420 430 440 450 460 470 480 490 500 510 520 530 540 550 560 570 580 590 600 610 620 630 640 650 660 670 680 690 700 710 720 730 740 750 760 770 780 790 800 810 820 830 840 850 860 870 880 890 900 910 920 930 940 950 960 970 980 990
10 20 30 40 50 60 70 80 90 100 110 120 130 140 150 160 170 180 190 200 210 220 230 240 250 260 270 280 290 300 310 320 330 340 350 360 370 380 390 400 410 420 430 440 450 460 470 480 490 500 510 520 530 540 550 560 570 580 590 600 610 620 630 640 650 660 670 680 690 700 710 720 730 740 750 760 770 780 790 800 810 820 830 840 850 860 870 880 890 900 910 920 930 940 950 960 970 980 990 1000
99 99 1 99999
10 20 30 40 50 60 70 80 90 100 110 120 130 140 150 160 170 180 190 200 210 220 230 240 250 260 270 280 290 300 310 320 330 340 350 360 370 380 390 400 410 420 430 440 450 460 470 480 490 500 510 520 530 540 550 560 570 580 590 600 610 620 630 640 650 660 670 680 690 700 710 720 730 740 750 760 770 780 790 800 810 820 830 840 850 860 870 880 890 900 910 920 930 940 950 960 970 980 990
10 20 30 40 50 60 70 80 90 100 110 120 130 140 150 160 170 180 190 200 210 220 230 240 250 260 270 280 290 300 310 320 330 340 350 360 370 380 390 400 410 420 430 440 450 460 470 480 490 500 510 520 530 540 550 560 570 580 590 600 610 620 630 640 650 660 670 680 690 700 710 720 730 740 750 760 770 780 790 800 810 820 830 840 850 860 870 880 890 900 910 920 930 940 950 960 970 980 990
1000
99 1 99 100000
10 20 30 40 50 60 70 80 90 100 110 120 130 140 150 160 170 180 190 200 210 220 230 240 250 260 270 280 290 300 310 320 330 340 350 360 370 380 390 400 410 420 430 440 450 460 470 480 490 500 510 520 530 540 550 560 570 580 590 600 610 620 630 640 650 660 670 680 690 700 710 720 730 740 750 760 770 780 790 800 810 820 830 840 850 860 870 880 890 900 910 920 930 940 950 960 970 980 990
1000
990 980 970 960 950 940 930 920 910 900 890 880 870 860 850 840 830 820 810 800 790 780 770 760 750 740 730 720 710 700 690 680 670 660 650 640 630 620 610 600 590 580 570 560 550 540 530 520 510 500 490 480 470 460 450 440 430 420 410 400 390 380 370 360 350 340 330 320 310 300 290 280 270 260 250 240 230 220 210 200 190 180 170 160 150 140 130 120 110 100 90 80 70 60 50 40 30 20 10
99 99 1 199999
170 850 720 970 450 40 770 340 440 380 300 610 430 980 230 890 290 810 470 320 110 370 910 870 790 820 130 100 50 310 500 210 950 570 730 480 70 490 920 250 200 420 240 530 680 10 560 840 80 520 880 710 900 280 90 30 630 410 990 700 550 140 20 350 60 740 120 190 860 180 510 580 690 150 220 760 590 360 620 390 330 660 600 270 160 960 800 460 650 400 780 670 830 940 540 750 640 930 260
130 290 490 220 390 100 90 890 240 670 650 820 340 400 640 970 410 320 610 660 60 960 300 980 30 450 900 210 360 990 420 460 920 940 740 150 880 780 40 540 50 850 350 680 110 840 160 10 250 700 590 910 870 600 730 170 800 580 230 470 70 760 520 950 790 570 510 630 140 560 270 20 860 770 330 260 280 430 180 750 830 530 500 200 690 380 620 120 710 930 370 190 310 480 80 440 720 550 810
1000
99 1 99 1000000000
10 20 30 40 50 60 70 80 90 100 110 120 130 140 150 160 170 180 190 200 210 220 230 240 250 260 270 280 290 300 310 320 330 340 350 360 370 380 390 400 410 420 430 440 450 460 470 480 490 500 510 520 530 540 550 560 570 580 590 600 610 620 630 640 650 660 670 680 690 700 710 720 730 740 750 760 770 780 790 800 810 820 830 840 850 860 870 880 890 900 910 920 930 940 950 960 970 980 990
123
10 20 30 40 50 60 70 80 90 100 110 120 130 140 150 160 170 180 190 200 210 220 230 240 250 260 270 280 290 300 310 320 330 340 350 360 370 380 390 400 410 420 430 440 450 460 470 480 490 500 510 520 530 540 550 560 570 580 590 600 610 620 630 640 650 660 670 680 690 700 710 720 730 740 750 760 770 780 790 800 810 820 830 840 850 860 870 880 890 900 910 920 930 940 950 960 970 980 990
1 99 99 1000000000
123
10 20 30 40 50 60 70 80 90 100 110 120 130 140 150 160 170 180 190 200 210 220 230 240 250 260 270 280 290 300 310 320 330 340 350 360 370 380 390 400 410 420 430 440 450 460 470 480 490 500 510 520 530 540 550 560 570 580 590 600 610 620 630 640 650 660 670 680 690 700 710 720 730 740 750 760 770 780 790 800 810 820 830 840 850 860 870 880 890 900 910 920 930 940 950 960 970 980 990
990 980 970 960 950 940 930 920 910 900 890 880 870 860 850 840 830 820 810 800 790 780 770 760 750 740 730 720 710 700 690 680 670 660 650 640 630 620 610 600 590 580 570 560 550 540 530 520 510 500 490 480 470 460 450 440 430 420 410 400 390 380 370 360 350 340 330 320 310 300 290 280 270 260 250 240 230 220 210 200 190 180 170 160 150 140 130 120 110 100 90 80 70 60 50 40 30 20 10
2 2 2 100
2 3
11 7
7 3
99 99 99 65517452
195 806 413 300 834 504 89 650 716 391 942 639 199 508 556 99 771 221 482 769 487 137 149 446 369 278 899 448 545 413 661 910 694 265 973 12 238 696 422 467 714 209 217 162 104 843 960 485 837 341 982 845 353 977 671 778 131 548 401 582 385 10 598 231 804 292 565 990 500 58 646 474 952 544 360 783 36 62 442 812 1 175 769 388 40 169 885 996 756 561 692 542 209 548 425 968 690 794 79
387 373 294 423 79 785 242 544 720 888 547 700 662 301 253 253 554 681 327 203 801 953 861 420 419 259 819 721 864 106 100 485 973 61 52 770 582 511 941 170 762 993 353 583 7 46 627 843 648 218 974 401 783 852 535 754 328 873 374 855 733 979 570 489 57 239 644 117 179 280 676 427 178 215 410 977 232 17 177 77 461 816 90 864 430 515 694 186 866 41 322 508 886 228 318 872 330 345 748
514 234 70 613 885 816 538 268 154 627 602 463 83 788 830 697 542 726 12 736 157 222 140 928 754 941 756 639 129 608 565 583 782 695 225 305 958 310 762 624 466 122 960 267 753 810 650 626 247 974 311 433 652 959 310 559 775 430 548 590 999 162 492 784 243 28 752 80 543 320 231 457 648 362 602 937 768 726 684 415 583 568 872 735 447 759 794 805 108 905 342 607 921 959 806 644 101 516 606
99 99 99 14
23 800 200 800 543 322 164 7 582 437 777 928 706 439 421 544 626 419 711 502 19 956 120 819 316 404 678 380 236 386 751 194 900 984 909 741 590 948 181 224 815 225 861 526 658 339 214 430 876 31 697 595 633 93 447 275 680 147 115 161 288 163 437 22 975 251 336 711 969 257 340 917 479 581 407 411 658 661 31 218 928 311 174 98 965 376 321 24 22 973 55 663 503 446 127 882 768 912 514
38 951 291 404 711 744 455 221 557 180 933 960 747 475 210 914 69 213 554 523 666 754 695 320 804 451 482 384 220 34 507 959 57 942 569 158 273 858 908 62 282 445 495 178 922 729 139 845 854 319 51 160 332 451 402 821 337 68 7 988 625 180 702 471 597 898 281 220 294 257 566 231 717 109 1 723 319 884 410 914 708 936 612 201 837 271 393 172 637 700 288 386 436 777 988 735 130 998 838
56 644 849 230 273 776 576 536 614 717 585 168 714 842 541 241 506 491 543 452 563 973 535 99 207 126 900 439 23 602 160 265 155 613 145 311 938 160 378 18 256 998 557 786 763 883 191 3 781 342 439 762 902 898 495 370 192 964 66 741 11 944 563 102 444 3 803 544 603 976 863 442 64 773 764 853 852 100 478 787 972 302 2 924 309 330 230 189 10 167 43 959 318 633 602 634 693 106 75
99 99 99 23
817 322 732 364 729 365 73 918 63 772 563 722 299 364 299 85 921 378 740 547 169 830 706 366 317 572 805 410 944 200 870 266 888 775 807 589 122 672 8 297 66 486 687 946 673 721 935 616 925 147 305 792 385 488 779 591 352 121 141 725 22 125 818 113 594 654 78 207 722 174 628 864 308 626 638 111 780 556 321 399 802 229 778 488 46 693 809 28 162 222 997 279 750 682 936 523 756 939 934
4 263 669 709 529 827 655 181 897 905 135 183 868 580 943 3 394 607 516 790 879 9 776 678 217 661 438 300 77 638 237 285 28 607 246 666 432 939 694 289 114 513 524 817 658 956 72 884 36 786 624 507 892 381 680 226 578 836 631 657 216 943 301 852 759 302 509 9 420 685 827 653 579 790 482 832 56 926 406 244 5 567 477 668 191 542 541 115 782 297 160 611 492 730 475 850 756 182 866
477 82 858 597 943 192 20 926 299 1 138 92 871 471 353 84 601 764 249 831 673 396 395 968 243 275 626 635 802 994 583 938 239 431 259 308 728 982 80 748 862 412 131 561 660 26 511 953 293 513 897 727 532 127 104 592 853 908 684 724 681 158 1000 64 789 878 170 407 877 72 76 336 753 352 173 786 613 481 284 54 337 246 369 401 116 659 229 716 420 198 769 786 592 341 649 217 368 809 910
999 999 999 686994743909064961
572539 637905 717621 704659 188118 864043 863294 2679 332941 864732 469524 327411 667051 682526 770807 278659 664416 72186 447446 713308 216241 681774 195913 834821 407853 348463 774036 115667 193463 121551 740182 292590 212042 6240 649952 473119 306584 916559 611799 735616 34192 728276 244971 125470 172508 370375 317996 995732 906485 797883 658998 125485 905169 417574 540296 328603 419745 79481 821294 873327 877404 529363 412007 656036 209068 301401 233974 291291 285031 580845 629318 817508 820780 415492 763122 626096 673387 335799 81495 921462 229595 716327 448452 614548 797592 3696 372192 268768 222099 383368 890757 407822 613178 939539 585084 64047 5436 473792 192792 656825 752734 247628 426663 582644 754013 603051 694074 846020 699446 111859 106583 729262 927933 397477 377614 137143 149761 962998 87925 675284 516585 908826 403553 58097 889175 45966 741444 791081 879214 333344 263873 295299 48302 292951 563651 12766 430190 257746 518699 216221 519830 93558 736654 33471 258313 963557 8938 124996 765252 835145 541485 552374 506388 28847 968438 881015 976532 240902 11937 118648 397935 967856 475828 451040 862121 535598 19688 818380 628759 348447 721518 636730 468613 355911 857497 441245 7801 184404 128273 666428 783749 710922 160086 785630 842244 411027 115083 84116 250218 509393 684274 815591 576351 362182 33371 886080 337285 286787 607880 270366 397196 221911 573399 55178 143635 959935 956962 896725 624078 902806 677250 653353 941776 439174 827880 670203 228702 4945 842141 592821 417990 804426 949312 719953 149494 339869 516500 50509 459997 145092 868690 612010 365754 15765 738444 707069 969579 377810 719289 614314 175915 720949 7751 46761 534037 586590 350460 25863 651951 809861 78580 106418 54848 532648 843164 202111 716041 557206 173705 349851 380643 169589 589998 494337 226957 418274 361876 951325 299816 821805 57195 807044 26525 773920 545939 73414 187928 622155 446079 906502 783393 675270 343049 887962 598425 899142 88005 46290 535467 658594 626693 385348 880498 450201 107069 631427 148189 931558 874519 149538 772952 208229 731259 886364 186345 251001 500868 425382 310473 737262 604033 288128 509876 939222 817878 671261 20653 296956 322409 898894 615549 345207 892018 737563 254510 206724 892783 615063 396298 968109 403999 110488 104938 897516 800238 21106 361389 111104 534052 427310 293781 140461 450199 972197 567824 277817 198518 389330 237704 703095 905986 262968 691710 183740 594778 785814 453564 688135 445129 583038 334069 217658 635629 177974 857579 109633 238788 869984 35757 959353 216489 291978 491505 173816 267466 628569 118490 537792 633186 646361 345937 332303 688297 243428 458648 859732 957931 62378 625224 592819 811829 79542 449647 566177 632691 268175 203193 883465 45155 725998 586603 332804 405698 43677 869016 837655 758424 13588 288013 717365 543883 804419 202797 99427 521493 803579 31663 353220 202399 450961 884133 198674 330239 289320 558842 683302 122106 762064 124674 55919 625220 514515 498401 51925 594433 33372 424455 433518 994727 207431 26653 31270 497846 411726 409932 367746 133921 305664 267661 255448 798654 968232 975851 578385 828266 855221 668292 683449 266432 304440 65374 931986 388858 191337 814103 411907 756560 452269 660279 119468 417379 248908 683253 888181 785223 931473 974558 748812 353090 810766 110625 54445 59525 71639 228455 241999 541181 517378 575615 782532 263729 956274 496112 916614 842000 397323 871421 117279 339899 332881 381269 52405 575241 671466 933881 205845 417806 864085 479724 518717 729527 532018 104520 26035 903611 855740 559835 60853 361962 935718 317002 846100 134201 76676 644890 566233 756589 576208 961473 523077 951855 708044 555246 562811 254107 301881 871871 4228 672982 110624 486558 59055 671230 249095 464970 191827 56897 829171 19614 975251 86159 536486 861017 601811 545416 779012 34066 942421 958784 50681 377054 519260 19271 499921 892362 344128 481617 871426 438745 311700 734930 106384 387702 949396 806478 61701 960614 677475 755139 316826 657996 819648 889271 791242 643113 567817 88186 892075 464037 120738 470410 629715 187087 744391 270430 229672 694065 302815 224412 556437 545137 405633 943111 936519 656296 937073 145698 947717 626512 14097 833211 274866 165935 786557 147258 284569 699224 756867 164118 988503 493719 288707 405868 329654 341010 766483 400690 406799 767564 427738 63600 839635 748079 569575 98526 528128 38406 39870 851001 975790 953637 766432 288148 419001 390056 103933 732753 761822 382735 148294 75013 598180 788103 453458 880943 210632 420614 849347 944694 760705 887258 494668 555758 587310 295022 383417 549438 955810 879472 281791 833714 126903 991638 619786 539206 256324 723077 570602 360316 895968 642533 69239 500020 239092 630512 431635 498377 613415 740840 456897 578665 717386 174097 407285 647277 369290 446418 736450 456390 871008 789334 895014 991036 99453 607141 199426 826486 85048 562322 459802 605196 175017 666615 743656 791532 817592 953104 855364 369036 631261 604082 633099 62668 317573 109605 270439 827546 154703 728996 560360 439642 784267 963139 915816 616310 817547 93761 889540 73810 417419 960337 942908 346502 619374 758458 1803 569173 557220 666888 489012 432548 656939 681090 432696 730270 253253 894922 367558 757453 153493 335000 251972 880137 408628 730638 330184 530638 966861 801056 63903 898937 539445 879083 617474 761473 384590 738791 549363 572482 390603 230850 99743 408010 247542 495539 631148 645222 26680 720549 267703 219860 872357 719118 957448 593087 708755 955396 878294 322684 902667 432656 269612 896382 980205 181012 674876 8581 750758 229213 212957 970427 111656 94722 354425 108079 403671 386 289618 910035 833701 222355 127597 566052 543075 199958 63080 317100 75752 800196 44419 221307 884133 272222 257262 336789 864363 58975 498754 762103 723668 635511 242763 839858 567380 471958 228216 990776 994713 500422 347477 251348 314546 778209 139454 398539 100301 62897 166032 367426 134967 414195 340070 464854 264840 904881 622729 702535 493128 18702 453923 541321 460890 714889 268826 973395 502942 405461 294683 566755 870718 311823 916707 711378 104320 144691 519457 734436 456185 268617 797290 692199 230928 769933 484193 608452 707173 586882 951718 184509 628796 622966 375425 543123 911578 965759 942764 392268 666026 488495 572643 844702 703947 888921 857241 120033 981164 769566 132989 861818 729529 680800 690767 115006 741554 699916 1495 285853 350495 590885 730516 355399 895521 203836 447655 488488 141546 997852 227072 315517 88450 558255 639163 921481 554778 419439 96690 449843 134939 719373 776073 895586 885963 212504 347540 232891 530438 839784 589273 21855 175220 628514 157117 1842 700980 141412 585544 988393 257757 85530 449805 881576 536069 318139 62494 770969 456043 900463 434791 281012 36168 718271 492965 809413 934051 12588 314308 567066 215081 211305 274846 341743 783670 56389 494280 585584 293166 844422 844856 522987
657932 9959 979207 105744 441210 654876 519681 279540 604865 258508 410236 1115 476537 356664 327077 226086 111769 556486 24281 266094 362086 443759 150725 269397 611592 628038 495327 451554 750290 936018 787791 415841 208884 165817 840917 895386 869311 977221 156060 116672 55126 965727 806004 885385 459979 294417 528739 150529 200659 540415 1680 22453 825998 583135 362240 258099 577961 727590 890909 151360 138386 147913 706729 560505 683256 824638 191706 848668 863817 473127 757270 1777 266569 111485 994316 174571 510000 850802 465165 667385 436862 639917 197732 305800 386589 277104 99365 753473 24241 465031 654898 168267 911809 887862 757756 357593 312315 49520 876076 11216 492368 528831 418734 502925 918530 32037 95581 946620 604476 123772 403409 179038 54575 150063 566075 585659 556907 578311 935144 710867 571984 706814 416259 747851 143964 408316 816171 200931 440404 756005 497519 496647 809063 905622 252261 309024 251311 4215 652497 995116 353269 524748 944598 468803 401578 93878 326357 391660 993157 420698 640380 653460 768439 862918 101670 699864 91063 49173 540376 934152 354259 407368 623666 924101 955280 48483 203223 514915 246250 42213 959115 631836 432726 630960 571828 300853 431359 716677 438423 433101 828845 628852 743260 610464 458082 999227 864803 334871 969569 609922 33622 109096 3748 300136 801422 565747 793824 327214 775893 473023 53972 457922 230589 80319 618241 991786 141925 428983 177471 133396 833759 897824 116469 564939 50374 598560 970800 15393 702560 961065 589925 336818 813654 333304 801813 312927 419693 893100 300380 58443 936527 207377 558465 206398 406395 154817 157287 29521 39841 229509 182364 990553 747519 207276 737355 291239 620001 512214 481852 190614 103976 909568 11536 752439 805969 235564 970827 367598 916411 951307 686659 884169 108330 488668 751794 20333 653302 282823 815858 409791 152780 63477 115585 979291 475080 678793 227180 975325 992851 211836 874294 154300 369807 725189 194396 394779 444967 526369 756751 137635 31096 841103 872338 89174 121175 719196 389363 673551 386617 647489 987164 963560 342121 949057 383275 403673 515672 884397 645699 621542 822988 750439 381561 54361 318580 157339 719508 679907 957953 11544 725202 955456 230885 687215 526361 631557 600470 449647 689459 343706 103238 866695 544192 42918 828441 883446 312122 51283 972436 846995 576119 636019 757122 767469 347265 288515 382289 395680 929616 216144 403073 873119 243388 176074 94624 942422 605092 516391 530332 236035 992810 972572 392218 280897 404844 338336 582250 599979 365851 129685 550501 90418 62935 350694 324517 459023 435768 771952 66044 38186 441851 81777 232176 282229 660256 867573 718414 183109 897571 738528 726094 693284 344245 722258 318251 500597 190145 95950 990244 183035 832225 898272 710212 546208 886583 160446 464964 448618 987363 168723 164560 318054 835175 851195 692855 66005 734567 430248 660576 606105 669653 907041 268855 246322 442251 254317 818795 796996 620066 901478 559927 685684 727106 561983 653247 755933 812968 392924 934562 975179 80667 514379 401004 490733 631604 186851 291072 271724 31022 92020 498026 162210 58614 878027 620523 483593 465551 108281 735853 61364 202889 86164 792496 590617 770927 237476 327805 219652 593021 133719 260180 420260 950601 876206 177878 801620 363268 769395 226190 161755 547603 973392 226872 224586 382080 662998 863171 255187 262553 392199 273420 737482 165295 28129 102844 159218 646247 981209 885958 691975 437020 471877 716778 403350 166914 715195 73745 896610 878128 210729 733267 424379 810168 447614 235916 367625 260938 736891 727403 281333 496352 453353 912121 331006 10477 368942 597166 65365 737499 646492 66606 228405 870558 110479 311274 64810 67892 880351 111962 373930 758253 218838 483676 461258 338118 838895 39497 297860 205996 704256 160011 486181 436173 968784 28419 48287 841692 261954 95611 300725 412178 949528 236873 340084 809297 503006 68761 641382 183161 932516 195796 286599 473582 528254 767800 96427 623619 182081 595102 371105 856473 741740 393758 685024 225147 387335 392053 686233 9738 333808 715616 117591 556331 328608 604890 330201 799788 891230 8907 329404 104336 448313 436427 641263 476164 569940 688542 687384 362452 508241 192737 161940 382270 402879 766420 259472 540200 340052 549756 179507 22060 100121 64119 820346 994857 28927 199609 677113 601330 510748 683388 788612 828856 12010 405599 586936 967080 460289 975209 673637 363661 362266 368497 265383 652688 256679 5310 523614 192394 984759 817571 92857 890733 635156 322729 992309 526393 369031 828999 917614 273012 708207 698600 288183 700672 596249 610329 699998 895700 522825 521983 107554 759084 463305 417460 234200 857000 997565 237002 317937 605824 962613 299976 35876 971814 322712 945921 244484 630978 848902 547012 748057 682606 223632 435306 749539 713333 975925 745313 602968 711117 443644 576058 906501 90220 29582 279768 488921 990029 858732 157678 506273 166191 408485 889207 734726 269746 184292 270817 31245 912017 437206 216764 446866 301180 946954 1695 124416 240383 812420 358898 513261 40233 640661 293342 810349 95620 699803 173112 737691 31230 726258 721187 866332 427090 221820 266433 173778 934386 143696 812245 542482 3708 931179 529090 894226 69445 314314 444083 471590 795658 348044 597929 453862 278374 153566 419574 981443 85125 235858 701993 793347 558879 967792 367116 633126 934045 375583 371610 182034 285688 779769 933662 697938 753238 44188 436290 476536 619697 828522 450191 545990 381496 792112 638069 194825 909152 34430 961346 15208 245598 61106 119481 940982 423529 494438 856741 203338 494437 398060 604376 589952 842955 331721 98259 274660 248943 407757 374558 882405 17130 571382 163158 960233 764054 419548 834316 391423 510113 370764 971065 919338 634568 827589 373558 411699 108061 377997 974548 872500 453279 507369 643418 544468 99200 37276 446261 669516 443197 759190 669249 15418 301365 989323 178065 878604 259490 90607 577007 284958 967034 402235 11013 698831 998849 12659 389698 935987 250573 550206 732173 917177 716280 580724 932382 474113 693952 528984 777874 444580 109042 937188 402699 205256 500695 848641 685325 873211 768515 899934 208394 572828 357146 807956 594839 827786 681541 720987 302992 252183 138134 80785 968510 537889 44127 600574 50263 779230 90477 868241 729899 469088 754466 169001 966592 644143 664465 592930 308745 426761 597403 153510 678325 797783 481758 301210 970871 586119 217267 816125 445221 931508 43400 383057 851239 199008 217299 899703 415248 720485 961586 731668 532293 650416 408573 566275 378578 17621 888683 57301 876420 364828 977636 69311 391035 77564 205444 779374 677442 848936 170160 827671 353024 972552 276009 929654 96441 150682 356237 18300 342822 191752 638440 929985 377110 820531 458954 690129 663194 889533 418327 672313 709955 666438 907542 19159 397165 132530 946434 575971 948017 312970 224446 585469 439882 887309 145935 730972 950557
621392 136270 423639 649335 799192 44746 614607 267506 39132 226554 822640 969141 579015 497658 766799 656938 450687 2234 19964 18261 359295 221999 124260 611804 884714 46445 711686 318258 279248 160543 645043 193857 854924 16880 770203 191305 606003 272918 946954 952696 997573 518621 509788 246781 582456 944322 497968 985081 656435 423550 506829 329150 365296 695162 849078 881596 307448 398114 382906 835160 23603 647662 596521 678314 865080 579273 276751 608211 611357 678271 43131 515260 978292 875188 865030 768360 451414 423746 442222 87220 145003 395126 171498 102445 494976 996662 542917 745027 536387 639744 281377 376473 590674 321641 37661 447284 710794 789374 515629 609795 854249 139274 218978 518243 575259 646704 164137 146964 202099 689869 867403 434608 229661 590891 372107 512839 518046 933244 734929 835269 612019 817427 427216 401046 427282 763829 173991 313566 914286 804505 280521 684835 108718 730711 407927 261492 946416 946297 7737 71544 760256 897871 861963 397367 678075 954141 393445 12048 328428 289986 285555 987299 201609 25566 334357 757741 153924 143991 134693 867232 751999 464146 419249 468294 208534 606717 335645 584913 451048 988617 555996 821984 510576 262117 926911 213353 459314 116477 854481 298721 902954 196686 495987 964595 218095 529380 777044 235007 300776 446421 729768 78098 969687 907986 769259 67742 325588 889984 692104 572884 25 754847 619781 336146 239642 829049 6956 276337 310707 747574 152959 868588 724958 479874 468753 323858 999651 425992 4309 888609 151687 233259 12147 939075 283528 73018 628937 418434 769593 393004 218896 948001 419044 436591 332226 688141 405439 918421 494641 674756 935325 317326 376479 807072 247113 955916 898284 266121 319237 50586 614521 965752 190955 436066 966156 579012 331206 928005 341377 844667 35371 715547 736131 278521 322340 712156 893014 837755 277080 286198 296210 403498 894226 905536 144447 751192 471773 330016 381206 128094 166114 133956 396837 481008 891910 827785 958366 909507 75970 717338 293635 107461 743228 314554 448218 42050 463105 60690 988046 586013 354878 892396 337511 855472 484018 352597 91005 337726 672427 235928 607700 93445 775338 60424 147740 56446 235520 70594 914980 556707 882628 170474 341007 685110 80118 272703 943989 636854 241719 809500 106331 459719 732003 464878 203276 397388 450175 878733 450571 213844 41315 381503 408281 892418 208233 798149 932193 806038 581067 150638 667217 44458 634806 177359 949754 852971 80524 737942 747341 48125 99306 86781 620850 962227 772355 359067 749574 97693 223980 640695 777261 682665 407481 371025 398975 624172 733187 441040 433123 988240 553698 793054 26757 411026 128684 944291 390539 772544 663914 364958 798278 918005 822310 586360 803912 490517 86887 964088 205626 818205 308367 565918 357158 528429 55573 515880 591091 586312 554607 811460 599833 422296 343628 616998 827198 186406 241149 750484 24426 837994 631246 97986 196263 667984 367076 401887 172971 432298 144361 436529 460460 255123 726243 191084 645430 975324 944650 367020 521681 284864 892299 407113 327235 486756 664134 638658 236700 34603 655213 56294 900932 423687 356574 38862 792661 441135 133516 585947 896369 760622 184247 904487 876482 416882 689254 640218 179594 823388 905576 759652 83469 769715 504196 676358 215832 74525 8906 15739 922576 215471 941019 875130 247037 401400 673516 347855 331647 470317 818439 146332 498630 902217 670009 439347 968633 59884 861356 985695 424281 830507 216820 171396 155240 282676 301570 640902 540501 392150 879294 722384 297400 502028 392974 854371 679739 962104 572373 952029 624233 444027 988972 485685 847157 807627 93267 881079 651196 706503 923852 225123 481101 347351 859628 305191 599178 366187 921202 248716 906148 944024 933324 22744 404681 119528 304650 152765 911173 934089 239603 418409 510491 956696 510788 772821 186341 817252 412072 705329 460073 380393 875698 638471 864847 167153 67228 277840 914866 709764 747303 338108 760737 807954 379006 606752 164722 121913 255498 729702 252949 291853 13551 81065 725442 691362 924378 232202 407400 261397 90894 465638 579419 786041 431205 749256 273396 998466 995478 746213 433924 432645 439459 648660 92018 722028 441346 655130 372091 673542 248115 701900 857478 456279 281979 242217 952975 597724 308874 996786 979428 599852 818163 968552 576278 30289 477677 964798 672588 185113 260939 121261 440295 731065 447950 976410 589849 416904 141474 462273 945433 768449 715770 653671 77987 989668 23329 130860 394067 543268 608237 579502 930701 145286 4753 787189 846072 749768 587868 873031 100846 613405 350588 749893 340097 915516 623848 418422 783512 768210 612973 23151 365092 214828 685548 541458 146009 806102 909812 334710 544190 795670 727996 688616 781921 604891 475072 46177 39725 543433 162855 244009 423723 370612 710609 609797 455783 215041 287723 33613 415188 28916 164844 64371 904897 373193 947906 649363 882459 130403 616942 393678 100873 238738 241936 404190 625697 254384 643340 43757 280488 271464 168276 849685 599578 554207 956422 958193 113407 695564 202404 514637 436749 556303 736880 769555 410757 322730 325375 764108 50457 972581 485068 986464 247830 99432 312818 357531 933152 47841 449885 213539 223912 199822 498161 100885 786328 181510 810742 913989 426195 931643 652261 920895 655595 202181 281453 405801 4168 997199 391171 122348 737984 933684 432143 252309 214738 500460 764125 890617 278091 904590 726794 266585 697978 965615 769344 169865 798922 575814 957290 86591 413194 790845 346538 139269 773474 556843 43343 658584 241693 129021 365696 737185 452580 208972 14278 858555 766371 382205 867384 820115 453910 71516 347312 278848 253010 190342 540269 146193 867875 89913 375635 455265 110358 913669 102263 658869 240535 915356 311449 863280 260368 792403 18089 751013 567279 34578 305078 250377 931243 733054 966474 621032 225062 508566 954020 543317 954610 62355 634603 93467 477437 636235 427373 67278 920366 824306 416004 123096 963780 131808 928453 687319 163778 354975 356216 377671 461617 223554 16342 823554 641458 515675 735449 737056 540583 690585 895331 288097 873844 946796 403850 214878 95621 509700 111336 576031 399643 117237 973153 531056 611569 442976 906001 672696 315522 283907 833556 398088 438293 525043 403564 371812 274380 657287 426841 230443 139295 347516 101005 221434 770215 246736 796714 872817 102180 149350 751875 760158 126770 341180 144279 632913 506460 606681 854964 627756 34162 533427 740378 740458 221009 470621 198671 56868 692245 134357 407141 541043 979519 13379 857167 498260 647722 181087 462960 193197 201163 92626 194839 880994 372265 497756 69372 143875 894306 769703 876440 729230 716005 549655 986085 623233 938194 751698 48531 233605 360477 779111 870631 405932 697715 535448 322378 599195 827535 91268 505634 486446 372097 722874 97125 433415 365593 20950 730528 331376 62555 910147 288768 346115 782964 454467 834981 147974 809486 649060 250050 664037 357991
999 999 999 11379480
625176 714476 469548 119396 153818 266374 363415 743049 293821 898375 292308 693959 444882 125212 836873 362421 286935 346024 405543 779978 444492 907722 995858 275257 138554 458313 465683 666815 744384 833811 585721 600407 104059 587409 581628 937010 158381 235931 147645 430054 605454 748257 793347 373582 659899 220832 715817 604474 319096 930167 446607 616215 706148 420696 623330 921884 284565 287911 985576 910886 453234 671399 331142 150472 263761 591787 122214 404083 22712 129117 771754 876799 471667 810150 860553 320659 679161 771872 516486 718740 761773 123860 428522 506001 629199 632189 287620 713106 625842 630000 279217 697457 10321 70870 163263 215256 159736 267956 550168 168969 362629 761082 518592 328496 497721 870995 533929 348528 297223 82369 365579 511496 256515 932140 360411 539791 886832 32360 118280 902975 862495 983192 986013 910332 723413 753736 794948 354452 852847 299532 509701 229565 525441 512702 257312 213894 696795 984487 796218 201443 318007 4094 60760 372736 291774 790225 422174 963773 193532 481176 659093 770729 298347 916270 449497 611469 822514 90339 613863 813079 105998 472154 73709 606367 404437 880123 737482 654350 246904 809968 30273 672449 535934 985175 848621 749423 577186 566710 989695 193999 389383 373000 101191 453722 840017 94020 658483 843940 498196 812224 754673 366147 369115 471868 908358 173608 53517 416083 885848 516310 271774 258160 591977 505864 703929 679539 167688 36793 394905 127513 785646 171243 239985 387589 642954 748052 406062 711663 739765 260159 991205 100605 778295 43019 807944 864522 172062 96912 622843 846237 342912 448536 9985 147555 314399 221543 358159 769748 454935 685976 708113 359424 174309 974139 95209 945252 581694 551402 241396 338962 905154 800083 822452 466164 729195 733111 703706 740639 470887 922971 447565 82084 863773 572567 303926 465093 118596 525951 105416 427873 983386 571599 523330 515998 502574 866034 213839 844034 799797 624303 854447 49994 946382 457124 206508 518423 45291 699883 887348 620701 817546 376349 523576 391920 145343 649673 136590 201791 148561 21262 806371 488092 861628 865982 104451 939038 320401 865029 765864 474156 623733 248529 721810 225625 581948 591607 466979 224074 902160 490421 897407 845130 75438 800568 330517 767295 337747 308763 398828 978378 225907 348191 140811 791631 364387 469651 55737 16463 382397 35512 405699 795211 21833 578078 620234 691501 512621 710765 212407 74654 67934 970975 623932 434503 920867 129760 292265 808829 120424 72717 232564 158702 992008 694423 190553 346140 69900 248 89938 464323 73177 962392 694705 387184 681416 31060 540191 286040 247416 518325 611703 396940 712018 659273 82532 957580 154338 518468 248821 543417 980936 903324 740870 361870 126155 771427 957058 269632 150691 128034 408106 540477 906580 441791 849268 311456 572425 714141 360134 162253 665310 358696 306690 23979 781672 421662 807012 787605 515708 402145 132134 483407 811790 860959 471176 607547 852340 288807 279806 611463 857107 170426 337048 9753 922082 375723 158109 560106 963901 106309 826194 494965 255186 457018 68604 971583 541588 284795 545421 774057 926847 577091 669117 373673 265246 729194 272278 883715 55486 268564 158364 207178 177422 699086 73320 169000 277233 674586 546935 530354 571077 437648 890659 396627 421221 414198 471231 397862 458446 172146 328566 561827 162810 261382 801766 929046 407963 340896 338067 769305 547962 536120 158540 295631 807486 622659 960044 435863 451554 630883 662828 357780 48280 371756 138050 212691 435657 802944 451803 868477 315288 614060 499899 200269 935784 62540 869261 842487 340776 338755 29760 508267 516512 465049 506036 151665 95988 985805 399166 112031 440620 385159 901663 650960 883861 824784 654592 895605 761861 85856 491915 683392 897852 566408 103066 604435 85060 415625 644757 338892 874584 227143 953764 346148 418497 773448 336619 114462 341635 920417 621393 860490 335087 432101 113208 610282 956735 681802 193504 851763 371330 495652 144353 36169 277774 546201 810029 555190 330871 627183 394277 791353 391523 364212 220100 231504 197520 552153 261813 174387 507114 473701 389715 428962 953275 913102 237469 256408 965826 621094 352154 780595 154597 989904 284476 426279 327239 109150 670264 275373 263286 359589 148513 184335 488998 237102 765877 143234 990573 826978 478898 70812 103418 913152 539117 389995 990890 754182 391932 548084 753107 811134 152011 807863 445326 67306 236774 915443 863226 942000 801086 731763 303934 175070 511688 372814 388053 193619 169945 74987 126470 981254 212565 553484 951762 865719 551026 709207 463059 374375 753639 225644 955051 71216 736000 898068 285037 637161 225986 928462 294828 594203 477782 18541 683175 697981 364299 838401 102551 471346 945158 704794 507965 215144 741700 706022 771923 897562 952176 366593 842019 4447 98374 383027 862691 55019 593602 453734 347983 189138 994187 291220 664941 197946 500713 26356 361728 789886 734139 14113 924106 569663 355017 333965 725944 23256 767902 311699 903598 20296 254689 619520 399831 358876 4393 174422 217476 256816 632019 429263 139274 843619 900125 109975 497964 259223 665426 241793 201278 746586 62042 769403 657720 68892 978993 54537 913990 8301 727627 556970 941051 351510 28814 445988 37384 553800 196273 9462 572317 250236 959717 40647 252705 396846 379088 856364 605642 573575 659838 63491 21274 286613 66859 389479 484579 57220 604536 707030 58396 972144 236868 956791 24305 724424 886679 712436 877743 892535 599917 166268 598018 209863 858098 119269 642590 47568 234835 968228 20398 871484 856591 873578 960217 84017 857055 501539 605463 499388 442947 439121 62945 537729 423523 85923 278146 679942 643131 291995 197035 84506 105112 459057 886362 344944 763331 974452 226318 179783 740632 409448 36066 288164 431310 728241 578151 606634 248044 830763 699598 606118 227080 646590 327401 391621 495651 934957 846211 980605 866420 901277 908083 228145 590320 636783 664503 181882 528176 574406 554383 976035 794304 151678 244069 193440 810090 274360 440374 234936 824156 410179 828293 476825 538854 436232 700494 348884 675388 21264 596841 709699 182126 668836 443701 609774 431370 659110 239272 42377 566054 620510 513734 134843 488297 845547 930291 435654 49422 249372 231772 425417 796953 249385 416806 523580 367491 336294 704837 831069 572538 580396 829104 215649 396899 323550 875259 603066 595637 389393 455985 57137 371746 611019 470291 124996 404755 883721 240758 596632 653200 514538 986166 882268 874363 855852 307550 481775 409254 353071 976275 269530 91132 845562 984860 779798 554902 51419 735923 55261 821710 544227 408688 955025 826879 568265 238923 888967 3333 901561 179360 279387 35276 137166 864121 561521 950214 809217 534635 129494 192453 867934 571941 752880 175257 588052 946543 701210 100459 577566 555800 91800 489077 639829 33386 201050 890059 606549 149617 757601 987012 874380 58268 893791 344808 838039 130775 505472 152874 393769 383546
660442 443665 236332 964467 184788 143807 200303 29897 824169 922288 846358 159870 948842 59496 121810 370695 260172 170347 380037 630863 191014 57597 456341 249814 147225 622538 704416 616361 132992 349068 871967 572441 206352 44304 184798 118165 777092 213586 656224 772399 89609 74212 172068 242331 364772 109950 642131 150520 302301 723014 379043 689076 80537 628932 364048 448261 302133 531728 936056 819029 687293 967478 569304 517609 114826 865457 233232 890339 110130 664096 859632 912603 389124 208409 661689 449643 214914 550564 212433 556913 368344 659978 542150 959999 625737 924653 751401 589640 856169 889028 700946 927155 864320 396109 242210 281174 120256 591281 990844 77971 464126 99952 79889 139195 177417 521502 770734 301219 578012 242864 114556 693609 55634 855278 748920 242838 323842 415223 973862 586026 769330 315724 825555 932512 30728 130666 179250 636645 609707 202269 841368 929622 159927 648859 385653 621596 841964 628960 532614 476795 706374 110908 84307 94236 841847 879345 847396 366125 155462 487724 58854 459025 951082 302332 916735 46934 749196 212192 91072 307396 550601 816029 133 556901 800344 809211 7008 51155 133553 92917 491558 521112 852337 453494 996906 667406 985778 323697 818319 491803 931274 851932 63598 260748 684278 769188 416521 650877 834482 690495 508513 222005 638752 637539 431660 996146 895486 823162 796296 215501 528597 575002 883280 568138 244005 365947 535980 775617 601847 898799 99005 481594 397302 602090 700477 180282 763012 349487 39679 877867 512163 429061 911938 701585 28059 934739 843602 394101 507744 492693 64609 285975 376462 613027 539239 122937 405941 252011 450770 974929 264016 474920 30201 236674 175201 17374 202591 245057 141402 957750 236137 264729 987 918910 246343 900605 137566 827114 145692 680400 132211 300134 995334 955478 737737 383547 385493 81463 424813 28725 203871 904374 324107 95111 427976 806561 31428 48233 246426 632882 993968 904740 794700 48513 613910 675991 139653 934051 454973 925668 42882 12531 894728 804896 478852 161638 749105 32199 999959 651894 193014 174473 743207 474741 318299 173479 396907 418512 863718 480812 365317 564592 11291 716385 552324 4156 74693 868591 448476 407952 574965 165338 561561 5469 117823 711165 675752 858314 403368 587336 25798 479152 455299 41955 267613 699654 185720 769431 120500 786369 639388 31425 118884 525928 203158 548751 905022 21082 927267 769943 453296 864475 896737 141095 948512 692959 475712 549 228076 871614 946960 142507 606742 988996 32187 843644 956757 44806 651715 36495 997646 556381 98208 211263 501297 391573 723805 190988 38958 387573 656330 470924 72135 356555 284042 857126 411901 355085 260945 841626 365867 809911 996327 149796 99591 207685 571893 486643 350936 905815 417523 795626 640628 19164 555632 908338 291122 39941 919194 170269 924776 489150 805820 207398 16274 275407 644447 91739 559912 767641 359196 112196 496777 886530 773115 893346 444847 587944 888175 50965 644344 481005 153981 743812 555311 510360 949558 643259 276142 905779 935591 824010 206394 382184 673707 250504 720356 939206 153898 483480 679727 316149 361009 255137 660824 401205 903540 379328 531592 838740 51778 736851 121926 144091 409694 45894 711995 488104 486339 678341 907915 594155 561077 610512 943286 15983 528809 158628 261478 709647 744272 535718 928917 412053 74727 165760 371678 743785 795616 313173 251192 370590 94352 835906 873812 107364 590459 167205 847271 372669 511768 757154 88088 612358 769293 454581 223182 676748 423545 816398 743460 227458 12546 557109 550314 757518 614951 174931 689021 747962 748580 533370 500838 949410 520650 798915 995393 526973 300553 478851 279483 677147 67589 935793 699787 155012 139282 901930 651275 292248 932950 290474 671421 718587 38005 836002 630040 880910 833809 688811 692378 853134 724941 368381 438297 212486 278602 223170 397595 794224 450768 255638 933371 810425 330867 547166 941401 178956 605545 985113 113111 661654 605740 262093 435668 575544 473044 952062 703500 720997 162871 659869 985205 830163 495651 920709 772560 809121 855426 308960 223245 69385 793700 57612 887784 468024 322717 248876 708604 484037 91660 815003 388674 526363 820323 792290 446053 700326 905407 45530 472734 213859 748333 792979 395325 685763 775916 113947 693300 78661 575206 793662 199493 251994 15605 630901 86949 464520 820018 198005 700015 333813 172966 156739 484496 924985 753274 867965 265705 907224 885971 305720 94239 175711 214923 936281 364112 49616 423671 198717 294533 996066 641021 246738 580033 178152 200513 672137 85281 146203 792315 512266 338545 181541 209418 241589 788540 149032 411544 137122 298947 926344 780931 194415 258735 734261 735394 62224 147527 997697 194786 882624 467099 66056 702458 46016 943096 175719 111915 721422 273872 637372 298330 172334 791164 861979 426119 175970 634103 49576 707168 306662 818803 394153 691943 538671 249796 840505 449661 631858 442121 348128 426788 746820 705780 426676 212655 742141 277883 211950 174419 696240 580383 253073 840282 794580 720625 340077 974434 662607 609402 186141 158193 389926 495412 155659 774213 792644 960636 788330 675299 430637 874974 712288 506533 483471 501742 65505 103584 87149 981006 288079 531172 227346 641171 562892 328827 259051 943635 836389 598287 968768 768268 41058 502107 971704 538024 121974 904977 462969 772817 589959 486863 773310 810278 230057 699292 981817 188576 259507 494885 56746 797088 73953 790477 969337 171867 827513 555049 407043 157727 674476 717463 726171 985258 137401 474368 242544 966432 828150 83675 174347 11665 478106 36505 818768 753133 253147 378780 120465 471835 213439 526369 466398 167439 595016 500259 818791 748949 103361 206977 680871 174047 328876 459293 250414 24209 480663 729705 604284 201917 343878 705028 38127 188466 978814 270318 196628 584623 682715 539461 895529 95322 649412 549075 466862 441973 276028 311562 431740 560126 982009 930909 347893 588154 704347 762113 487396 881669 548137 169238 588090 906880 469490 531380 956401 932183 63595 246549 912320 438212 198136 92462 63665 565429 689683 562425 105074 305449 289580 954067 769608 984265 397027 346487 419245 251746 2357 107812 178924 62355 164526 935180 443061 410407 476125 456664 907861 659557 428462 324884 400222 859516 428632 805338 564775 913929 173921 527104 809642 155543 895503 21979 137688 495169 899245 222516 272839 462683 112639 272732 595315 530594 17965 179036 227534 332690 315276 696262 23481 307079 874550 538307 141893 222920 481630 888435 626576 468959 186746 899648 975367 611851 129693 769333 8319 202379 515392 417846 49121 61808 405218 237372 402876 825684 245199 829224 682776 897949 330145 500703 559403 892585 763458 702865 421551 943082 710438 168195 481678 527678 540342 457359 446625 801601 478292 557021 824905 476708 38860 315379 89380 424175 986142 903284 295196 298995 115271 956090 215535 579121 546311 683890 650906 317917 322309 613297 233427 968991
871375 331762 687711 482221 197049 409368 136928 502288 950183 505503 250094 830707 447932 6449 437590 610005 74989 399183 188259 546836 521797 522109 570488 17392 46495 299262 523228 955932 249044 600941 866008 37483 575374 949146 960087 495535 213839 451026 703555 193231 806796 489292 269196 618188 214765 287966 549336 476976 35854 642139 382899 58895 761137 613298 741135 103160 886061 948972 421349 612967 587852 230032 760509 346241 636846 387586 35483 58016 85668 667005 22821 879206 789971 565922 569770 56875 634488 223811 777589 6760 731161 806716 563252 198307 576796 561164 193621 93703 955409 952319 694206 164523 978336 168580 150108 839758 561395 80821 704003 930585 715448 554289 42422 258640 337741 843880 691422 371926 773855 5751 883425 542254 993421 952793 909276 56967 188964 528678 144919 223985 968093 11917 473700 632240 329190 598016 329790 85161 735172 691925 250463 151498 785107 657037 260855 196256 590641 745395 704939 378085 546036 334474 556689 234358 230542 297314 797026 834251 895997 386515 280453 901532 45235 508301 425922 492111 838811 333873 724106 133590 850974 331107 300199 440707 776368 641873 356156 808889 317232 835765 243737 610415 130199 26349 237426 156930 765108 450871 946835 260983 856871 914606 434168 812803 95093 640156 105081 939361 752095 444888 506244 360349 316957 424599 634755 677236 264744 936173 126149 862751 228416 239330 465108 256450 492072 6994 233920 95850 224974 340642 882220 935910 869338 691359 366076 552074 990607 929215 218241 552879 39912 224612 583158 31507 304641 621521 569982 473758 897436 596928 325387 620399 211848 256926 798416 187090 191245 31231 571161 67672 64094 657510 117928 608237 97102 499320 208075 739055 598963 369330 940234 226798 203911 698560 483767 130377 915293 277047 136381 463902 329805 485146 241543 10027 238329 549463 989195 527761 458451 773120 313780 417738 248191 28208 777852 578852 132901 77226 369089 28434 73934 932559 320218 394078 769318 832953 906065 75671 404960 574142 679240 91922 587279 865963 623467 725361 687354 72588 308203 247692 837411 880937 774726 431705 233480 522541 533084 485069 626475 7377 588625 832754 836668 102732 641924 962291 300588 83243 80908 658874 370408 274676 855960 857591 817177 87883 305077 173413 188517 561848 416635 318701 608590 987413 121517 56190 393523 393172 689160 598121 297305 138923 297992 487883 179929 543440 701359 912167 467336 155122 115148 441222 769127 970252 565870 700705 239172 696580 21903 767142 627685 706187 807005 40846 63021 127852 971791 845809 947102 437537 852126 117388 987089 441016 577455 646643 117361 168485 831958 240818 199087 857973 173597 258559 655428 893067 112385 961010 60381 158826 25921 614166 63923 256649 339272 647770 372495 372593 296526 522439 775763 616920 78918 966604 761390 24784 202165 630886 938116 179916 495404 280698 737171 141558 292190 269579 29209 877356 47414 949543 332707 589885 262645 227768 464965 472030 13167 258882 136733 946359 422820 869612 432390 133149 470593 520795 749371 891151 261637 786510 404024 468307 219009 966565 581681 137289 424264 60166 65887 843363 480236 229929 975920 917522 552181 151162 534914 305121 993968 153684 705360 176498 37912 209593 393153 786337 389588 445734 596655 633121 778618 772350 866506 428741 825915 946037 830990 325222 912216 299033 1508 942772 361842 828453 142604 633232 822359 258996 921622 843617 593802 681907 335537 995316 219704 65196 693750 113199 587543 132574 57268 573849 728497 106332 428357 17104 15804 763161 887974 902137 781460 702978 611911 61776 208435 528914 459457 881922 850527 272104 827433 178446 130144 60704 628264 70052 361582 748127 124105 316413 397130 332020 918450 714743 373847 147250 319883 681407 707983 383497 3364 173136 936969 55805 44910 786173 385008 390252 100297 359366 593853 934380 247892 12665 928876 152685 74339 983512 902985 646526 841920 919850 559225 279423 525922 715624 528279 394504 116904 242487 605485 926991 825939 681361 621311 433588 759624 812712 453129 288646 862185 283316 655865 408723 128151 526975 675201 338867 536642 449532 419218 824018 142949 578166 793926 817767 919393 487762 910907 572107 837673 257153 325380 556173 106692 861816 530235 702467 212893 857933 940810 832861 448649 142619 540994 335078 96880 878057 304008 448905 506245 199345 313838 553692 364597 111208 954023 754235 487348 949163 52010 534554 281242 784023 333669 22570 861654 591743 347510 880590 688793 467624 891541 357830 609584 973959 650133 511502 782418 223604 451608 116073 119584 473004 770568 539356 284665 821151 854033 172407 666359 358387 895839 929473 642279 299887 428374 983553 141951 178067 579199 703489 27171 345818 448478 24203 758824 811674 268902 854389 316339 519211 358562 196500 42665 325412 708553 671621 701191 647542 46382 792074 14889 825458 849204 511516 286805 971508 100122 632104 766301 544155 258880 53721 677568 240863 809430 6926 57976 295377 821541 483046 196849 264251 689768 912203 613917 414971 956852 531567 582707 38621 911588 368379 727973 688368 784249 489528 587117 85931 550376 705232 282628 500137 347400 9564 260818 366546 752653 109911 635051 74393 418480 309268 286974 125525 499943 492366 191762 369331 692124 130255 119079 921467 385886 512304 678653 332712 892869 150630 71739 49063 234750 820298 932123 793959 98318 530610 659752 243859 716014 464053 961513 862339 204427 992724 214950 206054 576752 136452 238795 624043 201293 400649 546514 588894 824588 116919 287945 852138 623674 933216 520564 300136 247906 44376 990145 711577 346396 299406 539415 832892 454809 645426 999700 703055 915685 834831 70161 831478 38707 745528 409523 624314 755722 875309 818181 579304 564329 614732 116639 793515 636553 467875 882549 909099 59874 345 443004 201990 687321 896813 288661 693205 806860 758549 337758 423381 609770 238480 658619 153142 769493 808891 95499 402708 180934 918077 570522 954235 699866 227335 456133 397662 982301 417803 516594 574246 890938 971287 338613 783221 433532 658938 579275 458008 932350 549066 448423 561013 552620 85178 483117 330054 895298 299088 497472 744833 957500 505569 616397 955534 618053 979567 804051 452304 355833 79290 668772 57492 264792 783952 549242 279329 747494 387112 817059 180940 904505 510159 466709 891764 350744 43586 639936 994999 59960 232268 548394 711243 446626 432454 559069 278783 723116 843613 96871 761426 678807 968783 702614 947490 146175 585062 815843 86488 223564 230647 866489 789425 605555 88847 20263 87782 537966 347470 537858 951035 3660 256967 420777 253080 328002 667643 371722 745245 597994 782897 629755 152335 519702 503686 402091 194948 235823 725361 537643 296844 241046 826185 95209 337486 7163 255342 53113 82744 600226 93776 864416 189113 835714 183824 484003 21174 168448 155802 543462 67233 795783 911532 311709 18196 954486 25394 189244 332194 91844 339327 170878 38714 181111 179362 507126 922773 130551 453243 408384 825631 879696
999 999 999 514377929
864827 519417 603405 469458 258177 794171 141942 497122 683765 349152 692813 644640 533312 435173 218566 792565 723099 605861 854321 810005 752922 21799 333064 525241 605369 663977 432752 83531 680407 780185 503890 276896 333438 465574 707675 985179 120886 819321 283879 681552 581052 227232 592629 638257 772432 244875 163391 331837 865271 296196 686492 269786 979921 444529 57504 79981 281579 621358 335263 265839 636965 803695 287745 721434 462245 123273 423683 578562 649864 897137 617090 992461 426753 195687 908234 148195 984897 562642 524741 6966 377368 152588 569854 198905 148031 507863 76874 334145 197799 972850 863002 384918 693359 34093 725359 9349 691858 73153 880890 643028 968278 210979 840669 346343 378430 487235 715226 61793 189689 513572 551158 977590 716313 722961 9451 178232 98857 104088 206672 490736 421572 792656 433783 974539 527223 881490 869485 442382 108659 760028 291631 850011 437315 802172 232426 718259 185443 263191 341491 372162 186516 223191 291114 245729 141112 849631 332749 715581 448987 999992 339505 986102 361570 378922 167123 267988 663737 317652 49215 839861 482548 385703 464679 80136 642006 830888 549691 721484 622676 603268 631279 403283 111700 540562 998883 252733 749660 129196 214133 771508 799044 676653 698499 550184 626884 995126 906913 350678 836974 563886 985610 799060 424942 118797 487954 259234 518915 610572 884171 153974 603457 510557 474924 67993 844204 612157 650451 148968 786796 144336 451118 887354 680445 487069 335725 981845 29793 463186 605471 851181 597736 761190 944009 180351 984558 772542 65516 296552 609079 421446 774510 926913 77475 441425 74373 909835 14578 2776 859593 687844 220364 472310 159685 323561 812069 671809 828418 393194 527324 989066 554461 28997 171254 485668 338798 215208 543931 983334 285426 86368 919687 436468 559763 747677 409993 540725 969968 273420 977292 315746 766549 625601 632673 812291 927251 370424 652018 826932 277051 580692 717234 941513 879398 566814 411032 843968 364739 773762 942210 8790 966957 662773 772570 529321 267501 309970 7050 196503 721604 468126 450205 82195 374208 844932 226006 146923 731052 692827 390209 256445 485561 656759 871683 908048 69264 608784 498848 853174 684944 657192 74357 223342 82286 167604 845899 684999 281756 569972 526602 842697 910957 513184 245665 123394 94316 26666 704881 70931 685016 687101 873517 744705 190853 515751 846099 975167 772929 521955 217953 596961 294189 596327 37720 53604 635006 57414 110236 277187 778071 563530 642022 553456 111867 308963 612936 190836 858557 378921 194854 599266 616127 551055 150524 277353 259783 217386 267819 946977 175787 141322 688655 438704 725872 951930 279951 365523 79729 800778 203332 451967 139733 562835 181583 834025 242656 15316 863547 146973 678174 340118 956007 348524 205263 687768 263256 866423 738553 260968 561773 433767 153156 585368 413198 973702 472240 95230 903298 907197 39301 779464 523062 188112 549816 690761 211073 336175 604908 466158 789740 236466 114332 714987 66215 715754 679967 703249 566689 787375 41225 79214 393312 999047 387532 573813 381108 122327 826341 613732 266684 555223 836020 157390 831488 2774 78828 956130 163240 893318 36602 470882 741725 353452 561625 889916 593730 326284 114380 673516 396124 282525 323128 483912 508752 763544 227350 159114 820134 605932 61652 561426 777665 24956 470774 724428 225810 570170 908235 936024 349762 292880 886542 826229 934247 37087 36105 607270 837778 390123 714786 208806 311141 215510 401618 403548 12395 164752 220584 49589 127738 929139 241999 126479 951122 692249 604919 74322 68382 397076 276268 47663 511159 742046 340631 258652 930706 351690 483819 343578 417267 297053 610992 273088 959169 45985 997729 469070 169749 929532 996359 154220 518200 92046 889325 728769 790383 990876 197080 978975 855987 54765 254677 679713 908946 913346 750692 33390 799316 833335 589678 897212 197382 857021 401562 798138 641395 244432 527568 353005 651883 910170 100104 899302 47080 264431 300367 134341 596933 763075 997014 978830 427838 77999 949373 564122 813689 857780 198137 797133 270813 523377 765032 134307 953985 646861 100698 298465 145109 99116 215479 989830 114344 358035 82284 557936 323254 225739 369197 312920 64462 799057 392954 517177 360198 664367 64191 228577 7207 44107 101653 695936 883912 858324 740463 587005 79299 258610 612338 594976 137706 776995 926487 699012 238250 255394 420289 900365 131151 588596 991971 206767 773521 486649 642814 982402 118571 765709 797366 320412 404731 376231 924121 298223 491684 77245 889857 673474 577886 676023 815806 338319 582912 694626 186525 300835 49500 918932 579592 617534 852589 559727 715389 68246 283505 838426 321745 696887 32320 38066 571375 378851 88864 619672 208316 511152 331773 218037 13983 276263 941668 797668 386263 55525 697092 657296 226085 511379 386521 200090 706528 525457 275125 54784 516732 152188 49455 543598 586291 705154 729824 200665 432949 42729 479850 182423 31817 68244 318260 89620 565521 93363 298708 767752 697036 570156 813513 409293 52002 336154 773827 470689 683340 679900 230239 645265 117746 433031 800320 68867 678655 700954 867745 280623 919454 230536 446918 888549 612258 771581 533849 58487 931238 190913 737666 829787 667229 99127 26218 779418 185532 346257 468485 239142 805900 408127 640314 54971 611983 401819 501753 913509 15905 291503 431075 673542 803892 932785 570065 92433 499941 446024 249301 162513 644293 961322 536637 446980 866615 38281 726847 651437 289207 915841 590501 851619 728232 926895 811259 484269 159455 703145 284956 200780 36723 873117 725284 736418 458730 525313 594112 22053 984747 584009 774133 422611 394903 214089 852940 445458 942415 628955 75953 903768 708683 24019 400009 706486 73595 143028 703982 15795 53201 442243 396706 71643 503108 389912 804682 564191 634892 402203 865140 996632 314229 96760 8038 521592 902127 862341 952421 35314 731243 279326 289260 213418 745624 67421 934736 413986 919976 573417 684983 385126 747699 388650 689660 733166 811111 377519 762263 323782 73581 93174 78764 937691 359622 634256 258387 123062 44894 476172 603373 980067 661526 982884 988600 553884 576449 632295 283681 663114 469133 675491 614448 297324 974507 20979 975497 488764 566755 908019 79703 208347 250423 338281 888346 804029 389960 806437 824100 262578 780425 288187 359987 685319 749987 444269 459890 503104 384921 327064 589888 302504 790555 834839 173995 494291 634635 622131 221693 432698 981274 755717 648890 742870 976923 32889 56328 232007 764570 882639 362995 586073 124716 610017 764972 288490 232869 377192 94570 720292 370897 469105 359526 679113 523750 96172 361693 709870 128492 948386 636029 640841 172204 678625 91567 217344 897747 55720 160075 526057 314771 277587 635338 985531 138467 937379 109096 674676 911 261016 854918 828133 371640 301405 762188 36242 629692 655116 251653 302982 996150 827739 188067 599240 688933 47708 988848 283030 964445
651105 905461 138829 804330 831396 557410 157115 952816 702631 966425 968853 49318 269983 453475 466886 596917 896431 82933 967406 6856 608634 38283 195580 666721 513262 562610 17233 73030 346017 36473 255473 933757 335596 465419 955691 183928 962546 920786 103844 357237 218625 623421 145957 636459 556080 413408 854873 727473 169697 505669 918590 30921 451102 420711 775046 125744 189457 681070 550290 381306 512715 504872 43718 888674 174726 841782 207802 238005 789996 23039 481895 551412 164885 487546 102844 80380 594058 556461 769420 67577 527549 605907 261804 67820 246564 153093 681661 568043 405526 463547 245520 376294 70637 235881 958796 17445 108494 622268 351267 914448 673963 378954 330450 308374 733752 154741 973496 137994 101349 479823 983111 394534 971464 872830 938807 604666 568078 537445 902470 249020 949682 31255 464934 834553 615818 314934 134045 886322 621748 37094 484677 579023 252960 920370 160474 713412 188186 56988 889316 225740 729642 375292 110454 947167 69400 443185 855071 949740 515423 966050 498820 568312 932573 886810 170776 282337 726750 62866 643857 351750 755226 172304 983791 423696 220876 80717 579630 210823 93875 493736 818436 256966 302100 475667 208290 871480 469249 522886 697194 371274 411579 968082 643638 655467 769163 46440 756170 332949 484839 576989 663845 412531 73665 992583 638222 413605 528205 574956 854236 326471 309728 9538 456820 794109 263631 334790 2219 452331 952779 546010 661307 275909 585268 227374 564778 121749 483097 41022 402938 802993 106801 416276 705 978830 92875 348815 581633 297310 226290 502506 400525 548144 758758 100976 554128 661971 207758 636729 862275 153701 262797 321289 841597 710375 392899 32817 326484 71033 8386 454448 233090 504529 271584 478047 965894 566622 274653 961616 429115 639110 71896 468860 970232 717689 620021 625603 261968 188498 505259 810062 443537 983006 819522 807312 177824 786764 512874 322627 231595 960359 162677 673168 884564 671526 583888 37198 690693 859025 743396 543978 732836 865714 612298 811405 369592 115466 307677 901465 320922 943985 352348 154450 99109 757382 279528 131359 565310 353646 444533 428339 24553 149523 600372 254454 941236 549610 753198 179018 431202 554061 625240 864203 276414 148526 899873 259551 426866 878138 553214 903727 307877 858304 285537 742527 246159 440827 267761 77175 855155 587498 143976 501808 753815 259637 565293 112470 674775 988346 994776 622763 382753 168816 519977 637108 872809 864940 206423 110066 762619 906788 472221 130822 515050 86292 663159 437106 408455 368025 708453 162570 296130 301875 355100 798949 826032 959484 502244 619378 553082 589686 769788 556138 869425 198454 174251 982647 535412 809809 796761 614768 205362 893267 811824 40072 577522 759753 449822 800837 633010 860312 869399 118457 767011 20411 138552 833661 28223 877680 751068 841230 435 78156 835551 825196 29693 92947 967466 228353 566449 633075 483243 289171 910084 597828 104687 896430 672662 383986 793316 491887 511012 918723 387807 499097 983970 35387 12500 335361 233361 706037 27674 223925 191496 93109 114561 577356 344403 53393 934575 2323 777247 297254 834994 535980 804687 39466 422868 926640 838660 239105 46438 691235 958848 699962 924851 709766 140551 892441 261417 638147 303256 12509 697231 101974 436154 699313 758811 716999 958500 710199 11880 255567 687211 359280 713034 786130 330834 827666 697069 944859 983906 666784 644190 15899 910166 62695 956499 164553 948669 709018 715642 804289 125694 530092 925032 686526 301969 217696 960801 679537 673659 701235 463392 516746 366701 985550 563071 927227 302452 846498 426632 856540 790947 853457 496678 684531 147005 335122 674028 763639 849459 172692 634842 991251 921348 517010 594438 247648 174669 970957 128691 141377 632931 319807 286646 350426 72103 935507 227887 431699 402768 214617 38558 703292 185877 208830 139375 258900 191033 296441 803394 181415 652684 242807 28859 12890 18360 7101 408232 787089 306120 777135 83510 136729 313856 917503 739236 654725 309306 53847 486974 487604 339854 708495 439980 93999 298245 897606 128710 922960 715511 275719 745015 18744 378649 368292 820616 372780 801008 190685 993910 326514 282413 276567 263204 766737 126736 956910 46438 159204 290620 785121 882364 65795 818881 358636 619160 464074 375070 606596 206771 808941 774317 606184 562426 360401 41874 915865 525927 950937 286504 667974 891127 984711 291743 577820 402272 565479 854389 550595 821251 448139 412904 124174 788486 35025 999681 938675 379697 497453 776961 832729 735744 349718 452028 114288 470182 636731 60431 666916 546420 232011 735983 895351 81307 789973 859534 384018 51479 793189 918514 98817 618085 885164 637414 558856 877995 45226 582656 162527 560641 857182 723808 519142 902976 672527 555407 342675 357950 259050 536770 819945 703467 257305 524651 899958 450674 725281 845224 341836 478731 830737 92217 179101 43391 77364 159500 509850 823851 332747 174015 405544 557613 736272 430741 124650 359150 248604 330776 177893 761455 234480 34186 142282 816976 949111 972184 5478 225472 729802 516693 481681 876389 98060 22148 496213 239411 445859 28507 188770 350979 991630 904514 223355 766694 215452 422411 285922 714574 405058 525342 822640 771322 889695 220677 239481 826703 845441 584423 904127 381428 258410 201106 311778 318814 463030 882479 992276 463481 132207 27949 199464 825699 302617 136234 636909 343319 905843 406035 292024 513875 291804 723828 221649 576935 253771 104028 218055 647261 818286 525513 21682 254909 633439 345096 997938 550846 571444 349443 281122 568858 707713 985756 488870 982840 760341 968390 704423 386442 781816 516873 193153 700652 514356 753927 957677 160645 334520 781051 358896 3629 547714 420515 215513 192224 222965 981834 283503 518567 931224 623153 712790 969973 727409 324500 409882 412586 259571 37098 228919 806810 963031 683843 895285 851711 982611 98350 967605 390112 808802 598988 800214 219816 96850 746365 328117 646139 425838 925200 320222 999916 664143 128737 931917 736668 31746 967019 622381 183013 633612 850048 925315 21073 974251 540986 738261 133857 772851 200905 141330 819458 934950 389243 606530 21372 527055 622302 556089 648236 791298 875873 372584 209924 324291 645130 916649 427001 609187 168580 805307 295998 28851 4408 718151 57109 891251 315382 255302 469707 530649 55284 988765 215471 228674 587939 693746 595064 389492 624971 142414 655724 938681 757564 636497 757463 550991 179756 869532 14901 433992 782696 287033 2039 5968 977934 376267 94056 507478 717909 504886 246811 142051 985139 816858 396824 273437 294636 505819 765284 417749 231402 559782 782717 137026 128190 790662 875568 833767 293498 946723 458528 411163 386981 787252 215445 671003 311215 987928 191453 170439 947430 396480 457193 976490 966237 319041 205523 610123 783589 311240 61609 497588 577599 461907 814164 172764 916208 462498 631593 333870 8174 46229 133054 965848 591459 80962 167672 397421 179482
901667 679257 692572 602583 410019 692815 246549 396559 237069 22924 795974 949262 915990 133104 83019 385493 941113 29926 617546 875305 913339 248919 215609 949605 601423 915385 547844 731324 115003 186898 394180 836534 312172 757650 93547 433854 382068 89896 580518 477079 878295 378402 823449 580124 611656 27804 571585 432991 57560 531755 724639 440365 781362 591448 507975 131611 857381 636507 897438 544100 979819 729551 266083 789964 268431 6650 197237 799443 40136 613125 839086 47011 95187 806634 849734 402631 42120 868168 744270 551486 658228 29664 828446 318525 428319 77326 926504 509025 654828 177143 837066 221757 711566 720163 76895 968512 685438 866898 758277 621214 200188 593160 234231 830761 624695 647553 448160 621436 904097 62065 901149 908923 707170 426485 980551 292754 683590 936643 56940 363271 814527 220123 7313 882416 488420 865680 213917 483194 233753 753741 888029 818983 449511 587401 408055 209615 311602 401922 179923 20699 747493 793140 323393 551020 462722 972699 286638 747315 34119 117872 10059 115743 1298 229646 640863 639731 864308 656906 6503 736859 422422 692434 713692 704504 811346 796433 263994 376820 620593 163931 827963 117027 74207 864095 329679 342710 6814 686233 519921 58110 986782 279170 821502 551673 497408 84194 242685 969494 436979 602647 667037 742348 48196 434913 955006 404300 703675 800053 607472 158044 243577 164431 965491 712862 179112 254524 262558 219182 492825 876084 779291 668915 110955 803100 352396 259103 782622 715445 900129 499321 976796 320338 27297 150598 555415 90871 534354 115643 517874 8492 165226 151752 836170 988978 378907 592549 241648 362960 438612 23154 388599 847983 770806 198054 715215 894197 20527 853462 577496 907572 898115 498931 372101 344302 902186 19167 351265 615105 344550 314008 378598 899410 431485 366429 103690 882130 287528 792147 808855 526546 121048 238863 516636 924649 16515 932647 171651 630674 269524 495869 217866 903377 708238 777146 486109 221889 268623 657198 300496 461669 398388 842616 221112 141809 935222 684096 193974 67482 974553 687585 111155 115091 151437 222897 291909 50454 353500 729584 400063 939026 2044 256854 965995 928051 110509 593387 331298 764632 731172 783358 505267 686873 559841 513630 742674 678682 237953 820283 959755 972293 39389 971956 209787 480425 527365 819014 803870 453565 683506 816281 716727 857523 395507 786677 308703 293889 792210 231029 56412 623168 164126 799731 350326 82540 528691 82196 24566 968861 969455 446649 806803 613470 26867 712657 548333 349873 122594 901133 214556 612198 680690 557850 745640 913257 33771 685872 206877 535544 967157 724148 123841 275025 669538 173550 354523 658955 968881 747028 23988 893378 263908 848970 853996 652550 203970 417316 778973 97193 32649 273176 453196 479694 329308 206937 366324 236386 749726 171426 698057 219766 729065 977034 582965 361113 796202 555123 912235 583476 375068 755014 94075 858160 384515 765214 469920 236584 189846 150481 704856 60406 100033 197701 11032 732344 444821 810380 418155 762700 492198 461607 719457 698336 180777 929233 720811 216028 589063 735642 242999 340411 114335 511527 486025 179167 670619 102869 908175 860156 17068 668856 773658 573920 526128 443854 80460 984963 132439 355293 375399 65284 6131 700002 92057 408913 616239 966768 343811 715808 662831 816656 355725 227053 530061 159446 680793 46225 18939 960656 382617 19772 357867 275190 436687 146533 628234 203786 977149 724965 832053 266768 50274 14213 490312 882819 741040 755619 962413 979527 78175 818644 140263 656164 108944 965678 216788 190727 926135 398119 777411 777679 777728 995877 812163 517178 970348 436422 534489 744565 835222 193228 839636 561341 790452 643732 833460 245573 33851 439526 442761 303782 274473 670285 202878 17135 949657 610649 357336 672871 282346 567321 809514 476747 948604 299062 638613 822226 138782 463354 817905 162401 306257 622322 313539 922684 701981 229748 155756 421902 390244 189946 496473 183321 662792 438097 412852 483810 501190 565509 347796 342576 398695 310528 574134 648357 310458 715554 455974 854701 441777 895056 763453 83555 937765 725109 725246 695435 157456 636293 933182 105267 602745 310575 737782 414153 107697 208640 353656 51070 135755 449820 194834 798021 627049 406190 111579 468063 629131 702721 247223 299581 334670 10402 934429 357322 586297 101977 958524 299648 59955 472048 114783 523428 782213 265145 436299 343857 726077 711328 43932 243518 734601 425409 30495 896428 74070 600125 441651 491901 271392 338002 334053 951998 166915 924231 996369 894951 942124 639123 942811 193364 55135 772893 123852 434874 736123 116065 666014 263579 645716 723165 570020 898798 148606 638550 106790 18203 589910 238058 452829 899573 264004 476632 364251 960173 707649 988828 868550 387075 452924 987626 181580 752958 968203 999935 81823 838605 221950 193180 411540 198974 703015 283561 632194 728608 603146 842440 102829 343544 33246 211333 111841 725617 667266 654590 724342 759176 186793 439596 285756 475674 364021 702099 548526 278504 658873 925093 707334 105080 237900 854417 631163 121229 862042 715615 101533 739761 526101 542922 522914 32413 536968 11687 405200 183322 13053 367707 47283 380166 105151 954328 82991 6430 937666 301122 557089 180220 358470 482817 54371 479591 579166 627190 366893 483471 997603 556465 198928 118746 651027 80428 567843 561520 847166 979282 56021 606255 550413 216253 358003 579835 899984 161687 874728 63822 377567 22197 921280 869023 928133 82093 204161 148342 63090 351009 143178 979936 188314 649840 338688 218154 108777 123104 951273 470141 110747 162527 904623 931916 667459 70198 132910 34989 218487 421345 954866 879753 745492 55722 364177 328446 218074 321426 788077 431702 458342 479582 623400 262451 731260 911959 41811 767404 186771 276698 164706 256087 670597 557738 172333 62168 367489 74362 382465 171981 16256 315071 659803 317921 71146 961145 895561 325025 354198 342530 878918 991020 105255 468045 61504 196576 535882 420387 141260 789674 40721 161341 644619 864472 738806 768907 348604 850709 154212 451783 693004 75486 532741 137369 888609 936078 305996 572963 239606 210834 807882 185443 308733 441673 385970 825400 614404 148756 21206 213461 627039 672021 695443 374641 204602 474423 235370 567678 292988 772518 66838 43253 316459 304767 472546 668811 270962 860565 38948 752654 613662 834451 382644 12343 155735 926250 941686 989696 782662 391084 557737 505803 632693 504227 641801 552568 375650 254464 15686 136315 203074 776490 193807 58631 997803 546035 367357 613681 88887 803849 195336 354315 657730 885827 888277 251330 91347 38905 531503 222435 23510 397181 156473 183363 187578 682129 447248 40409 541570 52497 173505 488766 550368 290031 313750 904280 569170 121879 818819 555131 525926 296860 201133 450105 192013 190814 574197 854678 517733 84176 654648 522917 69304 890222 223448 182945 461544 28081 17231 683678 772083 503633 534722 659654 856811
2 2 2 99999999907
8627 149771
433 9815
1542 1181
2 2 2 1000000000000000000
1 1000000
1 1000000
1 1000000
