13
2 2 2 5
1 2
1 3
1 5
1 3 2 45
2
1 3 4
5 9
1 1 1 4
2
2
2
99 99 100 51290792
10 20 30 40 50 60 70 80 90 100 110 120 130 140 150 160 170 180 190 200 210 220 230 240 250 260 270 280 290 300 310 320 330 340 350 360 370 380 390 400 410 420 430 440 450 460 470 480 490 500 510 520 530 540 550 560 570 580 590 600 610 620 630 640 650 660 670 680 690 700 710 720 730 740 750 760 770 780 790 800 810 820 830 840 850 860 870 880 890 900 910 920 930 940 950 960 970 980 990
10 20 30 40 50 60 70 80 90 100 110 120 130 140 150 160 170 180 190 200 210 220 230 240 250 260 270 280 290 300 310 320 330 340 350 360 370 380 390 400 410 420 430 440 450 460 470 480 490 500 510 520 530 540 550 560 570 580 590 600 610 620 630 640 650 660 670 680 690 700 710 720 730 740 750 760 770 780 790 800 810 820 830 840 850 860 870 880 890 900 910 920 930 940 950 960 970 980 990
10 20 30 40 50 60 70 80 90 100 110 120 130 140 150 160 170 180 190 200 210 220 230 240 250 260 270 280 290 300 310 320 330 340 350 360 370 380 390 400 410 420 430 440 450 460 470 480 490 500 510 520 530 540 550 560 570 580 590 600 610 620 630 640 650 660 670 680 690 700 710 720 730 740 750 760 770 780 790 800 810 820 830 840 850 860 870 880 890 900 910 920 930 940 950 960 970 980 990 1000
99 99 1 99999
10 20 30 40 50 60 70 80 90 100 110 120 130 140 150 160 170 180 190 200 210 220 230 240 250 260 270 280 290 300 310 320 330 340 350 360 370 380 390 400 410 420 430 440 450 460 470 480 490 500 510 520 530 540 550 560 570 580 590 600 610 620 630 640 650 660 670 680 690 700 710 720 730 740 750 760 770 780 790 800 810 820 830 840 850 860 870 880 890 900 910 920 930 940 950 960 970 980 990
10 20 30 40 50 60 70 80 90 100 110 120 130 140 150 160 170 180 190 200 210 220 230 240 250 260 270 280 290 300 310 320 330 340 350 360 370 380 390 400 410 420 430 440 450 460 470 480 490 500 510 520 530 540 550 560 570 580 590 600 610 620 630 640 650 660 670 680 690 700 710 720 730 740 750 760 770 780 790 800 810 820 830 840 850 860 870 880 890 900 910 920 930 940 950 960 970 980 990
1000
99 1 99 100000
10 20 30 40 50 60 70 80 90 100 110 120 130 140 150 160 170 180 190 200 210 220 230 240 250 260 270 280 290 300 310 320 330 340 350 360 370 380 390 400 410 420 430 440 450 460 470 480 490 500 510 520 530 540 550 560 570 580 590 600 610 620 630 640 650 660 670 680 690 700 710 720 730 740 750 760 770 780 790 800 810 820 830 840 850 860 870 880 890 900 910 920 930 940 950 960 970 980 990
1000
990 980 970 960 950 940 930 920 910 900 890 880 870 860 850 840 830 820 810 800 790 780 770 760 750 740 730 720 710 700 690 680 670 660 650 640 630 620 610 600 590 580 570 560 550 540 530 520 510 500 490 480 470 460 450 440 430 420 410 400 390 380 370 360 350 340 330 320 310 300 290 280 270 260 250 240 230 220 210 200 190 180 170 160 150 140 130 120 110 100 90 80 70 60 50 40 30 20 10
99 99 1 199999
80 960 20 480 130 100 200 450 880 190 40 230 150 800 740 780 770 650 470 580 840 380 530 620 250 720 920 300 950 590 60 410 120 900 730 180 390 540 510 690 860 340 160 430 680 440 370 970 750 310 500 700 670 550 260 910 810 50 570 660 170 980 640 10 760 460 520 350 140 710 110 610 30 490 70 820 320 890 420 270 940 90 210 290 830 600 990 360 400 630 280 220 790 930 560 870 240 850 330
30 410 100 290 520 250 810 570 890 870 660 560 720 80 160 260 830 820 230 460 430 540 480 450 500 340 20 690 120 10 940 140 510 240 330 470 50 370 40 770 670 620 400 740 590 350 900 960 970 790 550 270 630 600 360 990 930 280 390 150 750 420 860 980 800 730 910 680 610 320 780 530 170 200 190 110 300 70 130 700 760 640 90 180 60 220 850 710 210 380 440 650 580 920 310 880 490 840 950
1000
99 1 99 1000000000
10 20 30 40 50 60 70 80 90 100 110 120 130 140 150 160 170 180 190 200 210 220 230 240 250 260 270 280 290 300 310 320 330 340 350 360 370 380 390 400 410 420 430 440 450 460 470 480 490 500 510 520 530 540 550 560 570 580 590 600 610 620 630 640 650 660 670 680 690 700 710 720 730 740 750 760 770 780 790 800 810 820 830 840 850 860 870 880 890 900 910 920 930 940 950 960 970 980 990
123
10 20 30 40 50 60 70 80 90 100 110 120 130 140 150 160 170 180 190 200 210 220 230 240 250 260 270 280 290 300 310 320 330 340 350 360 370 380 390 400 410 420 430 440 450 460 470 480 490 500 510 520 530 540 550 560 570 580 590 600 610 620 630 640 650 660 670 680 690 700 710 720 730 740 750 760 770 780 790 800 810 820 830 840 850 860 870 880 890 900 910 920 930 940 950 960 970 980 990
1 99 99 1000000000
123
10 20 30 40 50 60 70 80 90 100 110 120 130 140 150 160 170 180 190 200 210 220 230 240 250 260 270 280 290 300 310 320 330 340 350 360 370 380 390 400 410 420 430 440 450 460 470 480 490 500 510 520 530 540 550 560 570 580 590 600 610 620 630 640 650 660 670 680 690 700 710 720 730 740 750 760 770 780 790 800 810 820 830 840 850 860 870 880 890 900 910 920 930 940 950 960 970 980 990
990 980 970 960 950 940 930 920 910 900 890 880 870 860 850 840 830 820 810 800 790 780 770 760 750 740 730 720 710 700 690 680 670 660 650 640 630 620 610 600 590 580 570 560 550 540 530 520 510 500 490 480 470 460 450 440 430 420 410 400 390 380 370 360 350 340 330 320 310 300 290 280 270 260 250 240 230 220 210 200 190 180 170 160 150 140 130 120 110 100 90 80 70 60 50 40 30 20 10
2 2 2 100
2 3
11 7
7 3
99 99 99 305466932
907 994 155 599 802 39 438 763 48 935 929 844 865 407 411 211 812 259 135 955 190 157 960 7 945 833 401 740 164 804 406 775 563 548 71 329 160 164 870 830 840 845 885 620 617 292 49 416 571 82 487 155 18 551 120 360 271 657 533 216 154 378 510 346 253 794 837 827 318 816 881 578 572 839 403 794 815 193 407 705 949 127 265 184 92 486 146 917 414 406 480 814 397 955 582 849 848 482 612
895 913 286 825 712 151 991 399 234 282 166 611 332 988 351 692 320 736 182 939 579 18 910 526 402 119 324 800 105 276 196 833 656 383 331 143 245 73 930 824 21 471 116 295 364 227 947 984 664 325 380 266 957 5 810 200 129 769 648 287 19 436 994 124 707 31 305 463 555 817 851 130 106 445 690 935 700 467 296 408 957 441 147 817 690 956 662 45 888 279 635 170 142 965 324 707 27 337 415
184 635 938 253 549 682 294 558 734 38 870 914 430 263 86 277 15 720 201 177 230 802 634 420 752 703 145 310 982 941 809 811 844 640 949 844 476 573 68 396 913 123 250 889 740 375 259 211 876 336 765 548 915 324 874 141 512 501 47 248 695 112 198 852 74 545 807 346 446 905 742 93 473 600 741 15 295 745 784 62 808 993 746 767 659 374 533 415 964 3 440 564 628 348 764 501 148 143 561
99 99 99 30
942 830 338 274 251 770 865 668 495 149 316 391 866 617 855 6 109 867 370 587 664 563 97 125 965 774 433 846 130 32 353 939 598 99 90 276 278 630 370 199 947 955 65 30 858 729 520 280 708 365 523 343 353 128 717 763 765 785 641 177 796 493 601 328 457 970 937 204 645 467 754 43 440 523 103 279 678 440 674 77 891 638 39 551 600 753 827 313 600 351 635 266 685 462 894 787 922 103 229
725 524 648 978 540 803 413 311 672 748 758 690 361 190 685 695 676 511 398 267 478 944 321 384 546 579 920 312 286 922 536 602 950 207 71 208 106 816 934 878 100 486 512 799 834 82 213 333 376 562 382 780 251 669 932 33 115 917 50 892 789 25 424 257 155 692 749 920 191 601 280 723 474 789 850 295 823 95 504 137 440 453 190 912 39 46 477 854 957 698 170 5 77 993 488 43 721 931 750
129 693 393 760 259 194 982 269 690 535 372 152 567 42 576 696 193 314 867 129 870 428 870 860 177 486 453 167 810 861 315 466 56 242 231 745 439 404 892 365 198 286 642 332 495 318 81 473 376 966 985 436 511 142 201 482 185 508 944 41 618 158 186 813 780 477 198 980 177 72 860 289 843 397 439 314 831 413 365 896 386 176 493 212 125 254 814 989 453 1000 463 1 711 462 683 741 516 312 867
99 99 99 719
523 153 629 484 34 527 887 544 905 168 325 563 298 747 428 580 855 239 553 421 496 53 890 66 26 817 662 419 628 177 935 547 319 708 866 104 232 620 116 69 73 6 572 173 735 952 806 282 571 303 397 617 365 482 812 225 837 371 669 506 750 582 341 705 652 383 46 258 820 523 93 897 404 868 379 545 801 169 81 952 771 293 6 384 348 816 362 149 361 871 324 720 325 896 653 608 30 927 73
457 119 714 869 691 972 73 523 599 721 527 179 977 377 313 19 151 853 15 41 422 825 184 971 598 464 680 553 800 207 588 885 125 868 531 531 813 681 136 78 156 892 90 226 878 441 172 955 716 318 201 401 422 580 554 118 894 18 84 991 619 811 716 788 865 624 184 199 415 321 767 967 594 829 901 978 103 403 946 642 386 874 711 688 177 423 352 308 249 780 472 479 28 127 657 855 962 716 60
285 533 520 71 765 434 292 624 212 476 156 823 391 886 475 907 126 512 753 111 332 599 920 719 998 208 450 560 534 318 381 618 248 684 660 293 379 430 486 533 287 998 448 945 726 94 189 693 832 792 571 942 246 440 257 459 741 811 563 888 106 433 350 332 141 140 142 253 698 90 637 813 398 845 39 128 8 180 731 889 965 652 72 727 764 231 22 541 160 939 618 118 904 387 297 818 748 303 267
