10
19
1 2 3 4 5 6 7 8 9 10 9 8 7 6 5 4 3 2 1
20
1 2 3 4 5 6 7 8 9 10 11 12 13 14 15 16 17 18 19 20
20
19 1 8 11 10 18 2 14 20 17 17 20 14 2 18 10 11 8 1 19
20
15 9 2 15 11 7 5 6 10 9 9 10 6 5 7 11 15 2 9 15
20
8 10 11 13 14 15 16 17 18 12 19 18 17 16 15 14 13 11 10 8
20
1 3 5 7 9 11 13 15 17 19 20 18 16 14 12 10 8 6 4 2
20
12 13 12 15 16 15 4 5 4 11 12 11 1 2 1 18 19 18 10 3
20
10 20 4 11 20 4 13 4 1 13 10 1 6 2 1 12 9 20 13 2
20
17 15 9 13 6 13 11 15 19 20 10 6 7 7 18 16 14 12 6 16
20
7 8 14 9 10 11 13 15 17 18 19 18 17 15 13 11 10 9 8 7
