10
399
1 2 3 4 5 6 7 8 9 10 11 12 13 14 15 16 17 18 19 20 21 22 23 24 25 26 27 28 29 30 31 32 33 34 35 36 37 38 39 40 41 42 43 44 45 46 47 48 49 50 51 52 53 54 55 56 57 58 59 60 61 62 63 64 65 66 67 68 69 70 71 72 73 74 75 76 77 78 79 80 81 82 83 84 85 86 87 88 89 90 91 92 93 94 95 96 97 98 99 100 101 102 103 104 105 106 107 108 109 110 111 112 113 114 115 116 117 118 119 120 121 122 123 124 125 126 127 128 129 130 131 132 133 134 135 136 137 138 139 140 141 142 143 144 145 146 147 148 149 150 151 152 153 154 155 156 157 158 159 160 161 162 163 164 165 166 167 168 169 170 171 172 173 174 175 176 177 178 179 180 181 182 183 184 185 186 187 188 189 190 191 192 193 194 195 196 197 198 199 200 199 198 197 196 195 194 193 192 191 190 189 188 187 186 185 184 183 182 181 180 179 178 177 176 175 174 173 172 171 170 169 168 167 166 165 164 163 162 161 160 159 158 157 156 155 154 153 152 151 150 149 148 147 146 145 144 143 142 141 140 139 138 137 136 135 134 133 132 131 130 129 128 127 126 125 124 123 122 121 120 119 118 117 116 115 114 113 112 111 110 109 108 107 106 105 104 103 102 101 100 99 98 97 96 95 94 93 92 91 90 89 88 87 86 85 84 83 82 81 80 79 78 77 76 75 74 73 72 71 70 69 68 67 66 65 64 63 62 61 60 59 58 57 56 55 54 53 52 51 50 49 48 47 46 45 44 43 42 41 40 39 38 37 36 35 34 33 32 31 30 29 28 27 26 25 24 23 22 21 20 19 18 17 16 15 14 13 12 11 10 9 8 7 6 5 4 3 2 1
400
1 2 3 4 5 6 7 8 9 10 11 12 13 14 15 16 17 18 19 20 21 22 23 24 25 26 27 28 29 30 31 32 33 34 35 36 37 38 39 40 41 42 43 44 45 46 47 48 49 50 51 52 53 54 55 56 57 58 59 60 61 62 63 64 65 66 67 68 69 70 71 72 73 74 75 76 77 78 79 80 81 82 83 84 85 86 87 88 89 90 91 92 93 94 95 96 97 98 99 100 101 102 103 104 105 106 107 108 109 110 111 112 113 114 115 116 117 118 119 120 121 122 123 124 125 126 127 128 129 130 131 132 133 134 135 136 137 138 139 140 141 142 143 144 145 146 147 148 149 150 151 152 153 154 155 156 157 158 159 160 161 162 163 164 165 166 167 168 169 170 171 172 173 174 175 176 177 178 179 180 181 182 183 184 185 186 187 188 189 190 191 192 193 194 195 196 197 198 199 200 201 202 203 204 205 206 207 208 209 210 211 212 213 214 215 216 217 218 219 220 221 222 223 224 225 226 227 228 229 230 231 232 233 234 235 236 237 238 239 240 241 242 243 244 245 246 247 248 249 250 251 252 253 254 255 256 257 258 259 260 261 262 263 264 265 266 267 268 269 270 271 272 273 274 275 276 277 278 279 280 281 282 283 284 285 286 287 288 289 290 291 292 293 294 295 296 297 298 299 300 301 302 303 304 305 306 307 308 309 310 311 312 313 314 315 316 317 318 319 320 321 322 323 324 325 326 327 328 329 330 331 332 333 334 335 336 337 338 339 340 341 342 343 344 345 346 347 348 349 350 351 352 353 354 355 356 357 358 359 360 361 362 363 364 365 366 367 368 369 370 371 372 373 374 375 376 377 378 379 380 381 382 383 384 385 386 387 388 389 390 391 392 393 394 395 396 397 398 399 400
400
314 274 233 158 316 209 286 279 295 288 54 173 253 154 25 79 94 206 217 13 279 264 71 54 337 384 215 380 189 136 45 176 332 216 136 32 13 204 360 297 150 366 229 299 312 123 269 281 255 12 250 289 20 276 85 366 319 317 92 311 394 94 95 73 276 202 267 351 49 7 289 4 133 127 290 208 213 46 7 59 12 257 168 83 179 118 209 331 306 270 253 222 16 100 61 317 358 91 128 232 348 13 392 392 3 36 76 369 59 21 324 77 49 188 13 161 286 228 293 320 232 220 317 137 176 392 60 398 29 167 396 205 14 151 16 155 182 376 130 250 164 173 67 21 110 231 25 314 11 127 398 176 386 152 187 111 399 186 388 363 49 307 96 41 207 53 270 170 357 292 69 361 367 380 341 248 348 103 365 71 250 311 318 192 213 107 292 271 166 119 218 275 226 129 349 55 314 255 163 12 12 163 255 314 55 349 129 226 275 218 119 166 271 292 107 213 192 318 311 250 71 365 103 348 248 341 380 367 361 69 292 357 170 270 53 207 41 96 307 49 363 388 186 399 111 187 152 386 176 398 127 11 314 25 231 110 21 67 173 164 250 130 376 182 155 16 151 14 205 396 167 29 398 60 392 176 137 317 220 232 320 293 228 286 161 13 188 49 77 324 21 59 369 76 36 3 392 392 13 348 232 128 91 358 317 61 100 16 222 253 270 306 331 209 118 179 83 168 257 12 59 7 46 213 208 290 127 133 4 289 7 49 351 267 202 276 73 95 94 394 311 92 317 319 366 85 276 20 289 250 12 255 281 269 123 312 299 229 366 150 297 360 204 13 32 136 216 332 176 45 136 189 380 215 384 337 54 71 264 279 13 217 206 94 79 25 154 253 173 54 288 295 279 286 209 316 158 233 274 314
400
298 204 6 8 10 130 12 16 18 262 102 28 24 30 60 249 342 10 315 389 236 37 43 48 55 61 65 74 339 75 73 78 154 134 88 194 118 390 91 312 171 216 29 280 345 279 92 370 79 303 231 171 85 92 99 94 238 103 273 261 238 94 135 304 382 387 98 163 104 388 154 186 107 114 123 47 261 126 132 150 13 356 198 195 40 139 145 233 155 163 172 288 181 183 189 234 16 341 26 116 231 192 261 391 197 14 312 286 4 232 207 51 215 174 222 223 96 244 298 214 388 8 231 232 228 261 236 388 170 234 255 311 390 241 49 245 255 258 262 205 399 6 376 264 113 57 280 268 242 341 276 108 345 284 107 286 287 246 21 290 300 37 49 308 145 310 323 315 318 326 336 264 202 345 347 220 357 363 347 173 386 310 180 345 336 214 181 301 297 163 326 318 315 149 225 310 242 308 300 290 287 291 356 297 26 331 84 387 337 284 124 276 84 129 77 99 268 264 258 255 170 208 138 209 245 131 25 241 141 320 146 236 388 270 232 79 231 28 223 202 178 228 336 52 234 294 346 222 345 270 58 103 44 49 215 207 302 110 197 100 192 62 87 11 372 282 48 189 183 181 355 156 33 352 232 359 72 306 202 93 268 198 208 8 172 72 169 6 70 107 27 211 376 163 264 339 171 7 304 155 145 98 140 139 132 126 256 335 301 24 94 319 356 123 389 318 332 27 152 170 183 114 107 104 103 174 99 92 176 35 272 85 169 84 100 79 282 78 335 129 397 314 68 20 75 107 365 389 74 304 213 65 61 195 62 325 119 264 55 48 9 43 339 37 47 358 303 135 388 30 8 233 24 149 239 24 16 12 326 300 108 10 11 394 10 194 130 368 15 32 318 113 352 8 318 349 4 362 360 6
400
283 7 256 150 140 6 16 26 36 40 231 137 104 44 54 107 54 180 129 55 64 188 391 40 72 80 195 83 88 317 167 171 377 93 95 183 373 98 156 107 106 116 1 118 211 138 198 120 67 126 227 110 125 85 120 67 317 134 280 139 79 112 287 151 267 248 254 166 137 146 151 154 83 257 296 264 79 163 357 82 171 172 57 286 174 324 153 145 97 291 174 48 372 275 179 103 348 140 350 183 165 328 104 118 46 50 194 286 352 334 307 240 330 192 194 270 204 205 37 331 44 186 39 148 328 319 315 207 390 256 187 337 279 51 18 320 213 284 333 267 82 219 221 241 230 125 346 239 399 279 300 242 150 197 55 240 15 22 53 187 247 253 394 262 169 267 274 275 276 278 12 379 330 281 256 294 22 367 283 289 330 18 271 260 54 370 123 135 212 295 332 98 101 280 299 300 5 302 17 307 314 188 113 320 1 326 330 281 130 150 243 333 205 154 340 98 118 346 205 306 365 24 379 347 107 293 373 339 357 90 347 380 101 340 150 192 83 333 226 330 201 326 320 314 292 307 99 348 302 349 358 241 98 300 224 299 190 107 51 54 252 295 1 65 398 400 289 70 287 32 176 283 354 281 145 278 205 372 276 328 275 76 211 34 6 274 28 293 399 130 267 262 253 259 1 247 242 27 28 239 210 302 230 184 221 269 344 175 189 331 256 254 219 24 213 207 205 9 204 13 192 160 275 199 194 192 76 359 110 124 223 178 183 179 106 128 281 389 324 174 172 63 76 289 73 8 306 171 163 154 178 342 244 54 120 141 270 288 65 151 146 249 112 74 137 134 7 125 244 120 118 116 236 107 98 95 93 88 83 264 344 296 223 80 72 64 54 337 313 44 169 209 313 364 40 36 26 269 16 6
400
1 3 5 7 9 11 13 15 17 19 21 23 25 27 29 31 33 35 37 39 41 43 45 47 49 51 53 55 57 59 61 63 65 67 69 71 73 75 77 79 81 83 85 87 89 91 93 95 97 99 101 103 105 107 109 111 113 115 117 119 121 123 125 127 129 131 133 135 137 139 141 143 145 147 149 151 153 155 157 159 161 163 165 167 169 171 173 175 177 179 181 183 185 187 189 191 193 195 197 199 201 203 205 207 209 211 213 215 217 219 221 223 225 227 229 231 233 235 237 239 241 243 245 247 249 251 253 255 257 259 261 263 265 267 269 271 273 275 277 279 281 283 285 287 289 291 293 295 297 299 301 303 305 307 309 311 313 315 317 319 321 323 325 327 329 331 333 335 337 339 341 343 345 347 349 351 353 355 357 359 361 363 365 367 369 371 373 375 377 379 381 383 385 387 389 391 393 395 397 399 400 398 396 394 392 390 388 386 384 382 380 378 376 374 372 370 368 366 364 362 360 358 356 354 352 350 348 346 344 342 340 338 336 334 332 330 328 326 324 322 320 318 316 314 312 310 308 306 304 302 300 298 296 294 292 290 288 286 284 282 280 278 276 274 272 270 268 266 264 262 260 258 256 254 252 250 248 246 244 242 240 238 236 234 232 230 228 226 224 222 220 218 216 214 212 210 208 206 204 202 200 198 196 194 192 190 188 186 184 182 180 178 176 174 172 170 168 166 164 162 160 158 156 154 152 150 148 146 144 142 140 138 136 134 132 130 128 126 124 122 120 118 116 114 112 110 108 106 104 102 100 98 96 94 92 90 88 86 84 82 80 78 76 74 72 70 68 66 64 62 60 58 56 54 52 50 48 46 44 42 40 38 36 34 32 30 28 26 24 22 20 18 16 14 12 10 8 6 4 2
400
371 29 156 17 200 295 100 177 279 73 153 180 266 228 309 39 336 225 134 77 39 226 310 370 160 203 261 5 107 350 330 235 395 29 315 353 203 59 389 316 16 356 192 374 322 364 33 121 170 78 360 243 63 111 47 377 186 229 376 298 143 221 218 199 274 143 233 206 235 87 116 208 252 156 269 61 363 158 339 79 204 117 200 354 248 305 320 34 79 231 89 88 42 177 44 42 377 150 84 185 185 58 133 56 210 131 377 367 145 146 40 29 27 199 173 368 390 201 276 370 170 332 249 152 368 181 223 352 323 291 366 157 138 140 235 78 115 125 139 295 196 364 191 110 198 386 325 201 56 60 294 162 226 130 64 121 195 167 324 316 167 27 49 133 68 324 37 15 152 39 325 284 2 345 266 271 282 309 231 13 354 255 12 138 78 353 109 311 104 246 241 90 303 294 230 258 372 342 134 277 277 134 342 372 258 230 294 303 90 241 246 104 311 109 353 78 138 12 255 354 13 231 309 282 271 266 345 2 284 325 39 152 15 37 324 68 133 49 27 167 316 324 167 195 121 64 130 226 162 294 60 56 201 325 386 198 110 191 364 196 295 139 125 115 78 235 140 138 157 366 291 323 352 223 181 368 152 249 332 170 370 276 201 390 368 173 199 27 29 40 146 145 367 377 131 210 56 133 58 185 185 84 150 377 42 44 177 42 88 89 231 79 34 320 305 248 354 200 117 204 79 339 158 363 61 269 156 252 208 116 87 235 206 233 143 274 199 218 221 143 298 376 229 186 377 47 111 63 243 360 78 170 121 33 364 322 374 192 356 16 316 389 59 203 353 315 29 395 235 330 350 107 5 261 203 160 370 310 226 39 77 134 225 336 39 309 228 266 180 153 73 279 177 100 295 200 17 156 29 371
400
186 187 188 189 190 191 192 191 190 189 188 187 186 57 58 59 60 61 62 63 62 61 60 59 58 57 155 156 157 158 159 160 161 160 159 158 157 156 155 34 35 36 37 38 39 40 39 38 37 36 35 34 288 289 290 291 292 293 294 293 292 291 290 289 288 117 118 119 120 121 122 123 122 121 120 119 118 117 352 353 354 355 356 357 358 357 356 355 354 353 352 139 140 141 142 143 144 145 144 143 142 141 140 139 45 46 47 48 49 50 51 50 49 48 47 46 45 83 84 85 86 87 88 89 88 87 86 85 84 83 261 262 263 264 265 266 267 266 265 264 263 262 261 86 87 88 89 90 91 92 91 90 89 88 87 86 170 171 172 173 174 175 176 175 174 173 172 171 170 233 234 235 236 237 238 239 238 237 236 235 234 233 75 76 77 78 79 80 81 80 79 78 77 76 75 181 182 183 184 185 186 187 186 185 184 183 182 181 378 379 380 381 382 383 384 383 382 381 380 379 378 137 138 139 140 141 142 143 142 141 140 139 138 137 331 332 333 334 335 336 337 336 335 334 333 332 331 282 283 284 285 286 287 288 287 286 285 284 283 282 308 309 310 311 312 313 314 313 312 311 310 309 308 381 382 383 384 385 386 387 386 385 384 383 382 381 152 153 154 155 156 157 158 157 156 155 154 153 152 25 26 27 28 29 30 31 30 29 28 27 26 25 251 252 253 254 255 256 257 256 255 254 253 252 251 61 62 63 64 65 66 67 66 65 64 63 62 61 333 334 335 336 337 338 339 338 337 336 335 334 333 314 315 316 317 318 319 320 319 318 317 316 315 314 19 20 21 22 23 24 25 24 23 22 21 20 19 356 357 358 359 360 361 362 361 360 359 358 357 356 49 250 318 24 349 103 120 128 126 398
400
264 341 174 40 212 365 159 299 21 36 139 190 133 310 153 180 361 40 8 297 26 18 335 169 23 395 208 185 30 289 183 371 22 312 41 112 239 361 163 32 232 10 178 396 45 54 304 21 62 121 287 309 121 230 288 215 371 107 163 150 378 148 338 266 32 51 118 389 95 9 16 89 375 278 72 307 96 93 117 299 224 49 177 178 121 183 160 253 357 342 329 202 150 111 23 266 211 121 335 381 367 257 348 363 91 196 17 241 158 321 151 112 154 324 176 286 207 399 73 40 282 31 324 271 11 294 246 303 287 218 273 220 126 270 321 3 298 317 201 309 65 17 363 272 116 92 395 211 129 221 268 185 379 61 123 108 236 44 183 145 277 345 4 69 249 272 362 346 300 284 366 249 34 314 245 147 309 264 39 119 117 56 23 256 155 111 155 378 308 184 247 327 196 340 104 134 87 289 364 223 139 214 197 159 41 36 87 373 337 195 35 157 123 86 385 134 253 299 68 232 220 177 350 121 284 183 370 42 372 176 240 269 77 177 97 211 50 233 147 174 182 317 86 163 186 35 252 100 87 3 141 223 140 155 76 87 339 38 228 32 110 123 10 164 369 227 392 219 218 280 207 69 204 376 50 262 363 310 76 12 114 252 205 208 182 388 207 333 255 393 249 24 291 126 230 211 40 340 244 365 265 38 98 58 174 165 66 356 56 304 86 382 180 256 368 15 160 233 138 210 216 273 245 144 11 339 189 254 169 146 41 354 247 265 4 86 328 390 278 5 282 29 333 136 288 67 392 197 379 251 310 233 375 125 247 125 204 308 31 210 303 47 10 395 44 203 168 1 362 164 5 217 221 390 350 385 290 88 51 309 123 393 204 334 332 88 235 230 399 63 79 323 40 372 59 51 17 247 347 194
400
3 5 158 359 8 87 75 155 235 191 109 13 286 31 340 15 138 22 50 389 391 29 153 36 198 41 137 350 91 221 272 268 53 25 47 20 391 55 57 233 159 62 72 5 76 78 88 132 98 17 262 107 108 113 182 123 172 323 270 132 137 215 147 140 128 131 144 151 108 160 107 177 161 164 244 249 364 35 191 308 172 35 38 40 108 336 180 185 315 366 246 90 273 193 195 197 200 205 212 221 390 230 339 325 240 247 42 111 397 248 89 122 226 303 252 297 82 363 294 213 37 386 259 263 213 133 47 340 245 93 260 69 52 268 272 117 295 273 174 277 281 193 284 65 290 400 294 297 81 301 330 308 312 314 335 315 14 316 148 326 329 336 203 315 298 336 153 187 142 84 345 347 238 357 122 347 377 345 336 329 78 313 87 46 184 17 326 312 387 386 256 150 3 37 31 194 295 344 99 397 316 315 245 211 241 314 312 387 308 191 44 69 301 336 154 5 155 297 294 348 114 366 188 290 284 151 266 304 145 7 113 140 303 394 355 140 281 390 326 277 244 273 272 92 386 268 260 182 225 109 47 121 201 263 79 259 231 27 252 315 248 247 240 230 188 72 221 387 350 371 212 329 205 363 200 201 192 197 259 39 60 333 232 372 87 195 319 270 193 50 284 185 352 180 259 281 326 397 262 328 1 172 384 37 16 164 3 324 161 160 151 36 226 279 287 63 54 229 33 144 202 48 140 79 137 132 9 123 82 156 133 113 108 152 173 396 258 283 191 105 6 107 4 98 88 203 78 76 218 227 144 153 124 72 28 62 156 322 6 57 354 57 132 55 183 370 219 108 360 90 47 41 337 15 325 213 36 42 29 22 266 238 201 62 284 321 271 8 65 15 224 396 117 197 8 5 29 8 12 3
