25
3 240
90 90 80
3 300
90 90 80
5 21
7 8 7 8 7
7 100
4 2 95 3 6 1 7
500 100000
100000 100000 100000 100000 100000 100000 100000 100000 100000 100000 100000 100000 100000 100000 100000 100000 100000 100000 100000 100000 100000 100000 100000 8 100000 100000 100000 100000 100000 100000 100000 100000 100000 100000 100000 100000 100000 100000 100000 100000 100000 100000 100000 100000 100000 100000 100000 100000 100000 100000 100000 100000 100000 100000 100000 100000 100000 100000 100000 100000 100000 1 100000 100000 100000 100000 100000 100000 100000 100000 100000 100000 100000 100000 144 100000 100000 100000 100000 100000 100000 100000 100000 100000 100000 100000 100000 100000 100000 75025 100000 100000 100000 100000 100000 100000 100000 100000 100000 100000 100000 100000 100000 100000 100000 100000 100000 100000 100000 100000 46368 100000 100000 100000 100000 100000 100000 100000 100000 100000 100000 100000 100000 100000 100000 100000 100000 100000 100000 100000 100000 100000 100000 100000 100000 100000 100000 100000 100000 100000 100000 100000 100000 100000 100000 100000 100000 34 100000 100000 100000 100000 100000 100000 100000 100000 100000 100000 100000 100000 100000 100000 100000 100000 100000 100000 100000 100000 100000 100000 100000 100000 100000 100000 100000 100000 100000 100000 1 4181 100000 100000 100000 100000 100000 100000 100000 100000 100000 100000 100000 100000 100000 100000 100000 100000 100000 100000 100000 100000 100000 100000 100000 100000 100000 100000 100000 100000 100000 100000 100000 100000 100000 100000 100000 13 100000 100000 100000 100000 100000 100000 100000 100000 100000 100000 100000 100000 100000 100000 100000 100000 100000 100000 100000 100000 100000 100000 100000 100000 100000 100000 100000 100000 100000 100000 100000 100000 100000 100000 100000 100000 100000 100000 100000 100000 100000 100000 100000 100000 100000 100000 100000 100000 100000 100000 100000 1597 100000 100000 100000 100000 100000 100000 100000 100000 100000 100000 100000 100000 100000 100000 100000 100000 100000 100000 2 100000 100000 100000 100000 100000 100000 100000 100000 100000 100000 100000 100000 100000 100000 100000 100000 100000 100000 100000 100000 100000 100000 100000 100000 100000 100000 100000 10946 100000 100000 100000 100000 100000 100000 100000 100000 100000 100000 100000 100000 100000 100000 100000 100000 610 100000 100000 100000 100000 100000 100000 100000 100000 100000 100000 100000 100000 100000 100000 100000 100000 987 100000 100000 100000 100000 100000 100000 100000 100000 100000 100000 100000 100000 100000 100000 100000 2584 100000 100000 100000 100000 100000 89 100000 100000 100000 100000 100000 100000 100000 100000 100000 100000 100000 100000 100000 100000 100000 100000 100000 100000 100000 100000 100000 100000 100000 100000 100000 100000 3 100000 100000 100000 100000 100000 100000 100000 100000 100000 100000 100000 6765 100000 100000 100000 100000 100000 100000 100000 100000 100000 100000 55 100000 100000 21 100000 100000 100000 100000 100000 100000 100000 100000 100000 100000 100000 100000 100000 100000 100000 100000 100000 100000 100000 100000 377 100000 100000 100000 100000 100000 100000 100000 100000 100000 100000 100000 100000 17711 100000 100000 100000 100000 233 5 100000 100000 100000 100000 100000 100000 100000 100000 100000 28657 100000 100000 100000 100000 100000 100000 100000 100000 100000 100000 100000 100000 100000 100000 100000 100000 100000 100000 100000 100000 100000 100000 100000 100000 100000 100000
500 99999
100000 100000 100000 100000 100000 100000 100000 100000 100000 100000 100000 100000 100000 75025 100000 100000 100000 100000 46368 100000 100000 100000 100000 100000 100000 100000 100000 100000 100000 100000 100000 100000 100000 100000 5 100000 100000 100000 100000 100000 100000 100000 100000 100000 100000 100000 100000 100000 100000 100000 100000 100000 100000 100000 100000 100000 100000 100000 100000 100000 100000 144 100000 100000 100000 100000 100000 100000 100000 100000 100000 100000 100000 100000 100000 100000 100000 100000 100000 100000 100000 100000 100000 100000 100000 100000 100000 100000 100000 100000 100000 100000 100000 100000 100000 100000 100000 100000 100000 100000 100000 100000 100000 100000 100000 100000 100000 100000 100000 100000 100000 100000 100000 100000 100000 100000 100000 100000 100000 100000 100000 100000 100000 100000 100000 100000 100000 100000 100000 3 100000 100000 100000 100000 100000 100000 100000 100000 100000 100000 100000 100000 100000 100000 100000 100000 100000 100000 100000 100000 100000 100000 100000 100000 100000 100000 100000 100000 100000 100000 100000 100000 100000 100000 100000 100000 100000 100000 100000 100000 100000 28657 100000 100000 100000 100000 6765 100000 100000 100000 100000 100000 100000 100000 100000 100000 100000 100000 100000 233 100000 100000 100000 100000 100000 100000 100000 100000 100000 100000 100000 100000 100000 100000 100000 100000 100000 100000 100000 100000 100000 13 100000 100000 100000 100000 100000 100000 100000 100000 100000 100000 100000 100000 100000 100000 100000 100000 100000 100000 100000 100000 2584 89 100000 100000 100000 100000 100000 100000 100000 987 100000 100000 377 100000 8 100000 100000 100000 100000 100000 100000 100000 100000 100000 100000 100000 100000 100000 100000 100000 100000 100000 610 100000 100000 100000 100000 100000 100000 100000 100000 100000 100000 100000 100000 100000 100000 100000 100000 100000 100000 100000 100000 100000 100000 100000 100000 100000 100000 100000 100000 100000 100000 100000 100000 100000 100000 100000 100000 100000 100000 100000 100000 100000 100000 100000 100000 100000 100000 100000 100000 100000 100000 100000 100000 100000 100000 100000 10946 100000 2 100000 100000 100000 100000 100000 100000 100000 100000 100000 100000 100000 100000 1 100000 100000 100000 100000 100000 100000 100000 100000 21 100000 100000 100000 100000 100000 100000 100000 100000 100000 100000 100000 100000 100000 100000 100000 100000 100000 100000 100000 100000 100000 100000 100000 100000 100000 100000 100000 100000 100000 1597 100000 100000 100000 100000 100000 100000 100000 100000 100000 100000 100000 100000 100000 100000 100000 100000 100000 100000 100000 100000 100000 100000 100000 100000 100000 100000 100000 55 100000 100000 100000 100000 100000 100000 100000 100000 100000 100000 100000 100000 100000 100000 100000 100000 100000 100000 100000 100000 100000 100000 100000 100000 100000 100000 100000 100000 100000 100000 100000 100000 100000 100000 100000 100000 100000 100000 100000 17711 100000 100000 100000 100000 100000 100000 100000 100000 100000 100000 100000 4181 100000 100000 100000 100000 100000 100000 100000 100000 100000 100000 100000 34 100000 1 100000 100000 100000 100000 100000 100000 100000 100000 100000 100000 100000 100000 100000 100000 100000 100000 100000 100000 100000 100000 100000 100000 100000 100000 100000 100000 100000 100000 100000 100000 100000
1 99999
100000
500 100000
100000 100000 100000 100000 100000 100000 100000 100000 100000 100000 100000 100000 100000 100000 100000 100000 100000 100000 100000 100000 100000 100000 100000 100000 100000 100000 100000 100000 100000 100000 100000 100000 100000 100000 100000 100000 100000 100000 100000 100000 100000 100000 100000 100000 100000 100000 100000 100000 100000 100000 100000 100000 100000 100000 100000 100000 100000 100000 100000 100000 100000 100000 100000 100000 100000 100000 100000 100000 100000 100000 100000 100000 100000 100000 100000 100000 100000 100000 100000 100000 100000 100000 100000 100000 100000 100000 100000 100000 100000 100000 100000 100000 100000 100000 100000 100000 100000 100000 100000 100000 100000 100000 100000 100000 100000 100000 100000 100000 100000 100000 100000 100000 100000 100000 100000 100000 100000 100000 100000 100000 100000 100000 100000 100000 100000 100000 100000 100000 100000 100000 100000 100000 100000 100000 100000 100000 100000 100000 100000 100000 100000 100000 100000 100000 100000 100000 100000 100000 100000 100000 100000 100000 100000 100000 100000 100000 100000 100000 100000 100000 100000 100000 100000 100000 100000 100000 100000 100000 100000 100000 100000 100000 100000 100000 100000 100000 100000 100000 100000 100000 100000 100000 100000 100000 100000 100000 100000 100000 100000 100000 100000 100000 100000 100000 100000 100000 100000 100000 100000 100000 100000 100000 100000 100000 100000 100000 100000 100000 100000 100000 100000 100000 100000 100000 100000 100000 100000 100000 100000 100000 100000 100000 100000 100000 100000 100000 100000 100000 100000 100000 100000 100000 100000 100000 100000 100000 100000 100000 100000 100000 100000 100000 100000 100000 100000 100000 100000 100000 100000 100000 100000 100000 100000 100000 100000 100000 100000 100000 100000 100000 100000 100000 100000 100000 100000 100000 100000 100000 100000 100000 100000 100000 100000 100000 100000 100000 100000 100000 100000 100000 100000 100000 100000 100000 100000 100000 100000 100000 100000 100000 100000 100000 100000 100000 100000 100000 100000 100000 100000 100000 100000 100000 100000 100000 100000 100000 100000 100000 100000 100000 100000 100000 100000 100000 100000 100000 100000 100000 100000 100000 100000 100000 100000 100000 100000 100000 100000 100000 100000 100000 100000 100000 100000 100000 100000 100000 100000 100000 100000 100000 100000 100000 100000 100000 100000 100000 100000 100000 100000 100000 100000 100000 100000 100000 100000 100000 100000 100000 100000 100000 100000 100000 100000 100000 100000 100000 100000 100000 100000 100000 100000 100000 100000 100000 100000 100000 100000 100000 100000 100000 100000 100000 100000 100000 100000 100000 100000 100000 100000 100000 100000 100000 100000 100000 100000 100000 100000 100000 100000 100000 100000 100000 100000 100000 100000 100000 100000 100000 100000 100000 100000 100000 100000 100000 100000 100000 100000 100000 100000 100000 100000 100000 100000 100000 100000 100000 100000 100000 100000 100000 100000 100000 100000 100000 100000 100000 100000 100000 100000 100000 100000 100000 100000 100000 100000 100000 100000 100000 100000 100000 100000 100000 100000 100000 100000 100000 100000 100000 100000 100000 100000 100000 100000 100000 100000 100000 100000 100000 100000 100000 100000 100000 100000 100000 100000 100000 100000 100000 100000 100000 100000 100000 100000 100000 100000 100000 100000 100000 100000 100000 100000 100000 100000 100000 100000 100000 100000 100000 100000 100000
1 1
2
500 100000
1 1 1 1 1 1 1 1 1 1 1 1 1 1 1 1 1 1 1 1 1 1 1 1 1 1 1 1 1 1 1 1 1 1 1 1 1 1 1 1 1 1 1 1 1 1 1 1 1 1 1 1 1 1 1 1 1 1 1 1 1 1 1 1 1 1 1 1 1 1 1 1 1 1 1 1 1 1 1 1 1 1 1 1 1 1 1 1 1 1 1 1 1 1 1 1 1 1 1 1 1 1 1 1 1 1 1 1 1 1 1 1 1 1 1 1 1 1 1 1 1 1 1 1 1 1 1 1 1 1 1 1 1 1 1 1 1 1 1 1 1 1 1 1 1 1 1 1 1 1 1 1 1 1 1 1 1 1 1 1 1 1 1 1 1 1 1 1 1 1 1 1 1 1 1 1 1 1 1 1 1 1 1 1 1 1 1 1 1 1 1 1 1 1 1 1 1 1 1 1 1 1 1 1 1 1 1 1 1 1 1 1 1 1 1 1 1 1 1 1 1 1 1 1 1 1 1 1 1 1 1 1 1 1 1 1 1 1 1 1 1 1 1 1 1 1 1 1 1 1 1 1 1 1 1 1 1 1 1 1 1 1 1 1 1 1 1 1 1 1 1 1 1 1 1 1 1 1 1 1 1 1 1 1 1 1 1 1 1 1 1 1 1 1 1 1 1 1 1 1 1 1 1 1 1 1 1 1 1 1 1 1 1 1 1 1 1 1 1 1 1 1 1 1 1 1 1 1 1 1 1 1 1 1 1 1 1 1 1 1 1 1 1 1 1 1 1 1 1 1 1 1 1 1 1 1 1 1 1 1 1 1 1 1 1 1 1 1 1 1 1 1 1 1 1 1 1 1 1 1 1 1 1 1 1 1 1 1 1 1 1 1 1 1 1 1 1 1 1 1 1 1 1 1 1 1 1 1 1 1 1 1 1 1 1 1 1 1 1 1 1 1 1 1 1 1 1 1 1 1 1 1 1 1 1 1 1 1 1 1 1 1 1 1 1 1 1 1 1 1 1 1 1 1 1 1 1 1 1 1 1 1 1 1 1 1 1 1 1 1 1 1 1 1 1 1 1 1 1 1 1 1 1 1 1 1 1 1 1 1 1 1 1 1 1 1 1 1 1 1
356 89026
10837 35413 19760 88555 45265 47453 82993 94258 86128 30350 58761 28122 63326 51798 17986 21714 79426 20652 70217 89967 30089 62335 38430 81244 34021 3978 99689 92883 35986 9525 67258 19705 44279 76247 48255 40394 5119 14658 82569 21900 52968 81333 61092 62141 71558 82873 83 83021 81286 90109 84666 73604 79123 70282 88525 94330 40058 6080 69715 36398 25922 4017 74047 10610 84220 37106 74041 94401 34641 37297 71618 38905 54483 57239 10572 63943 50341 35729 86516 2951 5380 16384 64462 13373 88298 4948 65888 48154 29035 71567 12902 32362 13637 83980 52669 41591 99437 70211 49565 8697 52393 19007 20073 9129 20926 47301 48250 9599 20880 6529 23934 57914 98991 53131 62431 38073 96314 64859 93004 20493 6162 41694 40759 62235 96448 12305 68151 80444 79772 73205 85353 88512 19357 26270 13027 87231 43344 71598 77334 7009 73248 75248 1279 6778 5593 58136 54333 83591 7066 73412 57832 4653 91058 94572 55393 60503 74037 44404 67354 54737 68644 61309 22718 58735 70056 63695 22357 55549 90390 99182 19192 14884 34113 69576 65263 89371 50861 95387 87128 88550 98299 86507 79823 60730 33636 10337 71826 96006 43151 70543 29847 32236 88245 52536 74278 4191 87384 91289 4448 28430 60563 17728 45469 60170 59725 57597 87657 57672 37716 59306 44550 93869 57075 51019 43558 78321 843 2895 50273 44983 44372 54855 43925 50062 78230 57399 48624 87396 66519 2723 48656 22597 32215 80330 94900 86898 75673 55150 95197 56036 64292 95495 29629 79442 17237 96701 99836 42673 36307 28240 93110 12056 82676 14142 53763 34845 440 80792 76775 51952 9585 62241 19220 80743 14323 51800 25800 70798 73878 99100 24338 14986 75020 83246 11316 49941 21998 53899 64074 8297 40544 68398 73995 77232 51924 61418 3496 89030 27438 52629 34293 29770 97617 63550 38163 29437 83077 53224 53911 12517 1854 86583 45272 6128 12632 53663 60851 84195 94897 64575 67643 92979 42433 57359 1365 1379 99243 37868 86842 59042 3689 51744 54963 20902 8748 74795 56323 62731 73723 88380 72019 3001 60959 16731 73153 54058 77315 82302 72468 53685 98149 77202 59983 12743 76933 97427 33313 27608 32704 81145 73635 60552 88937 43659 92131 50356
331 96905
43802 85167 97415 24574 22527 86842 72600 99710 4854 81408 64532 95686 2321 86358 30173 22098 79443 63648 77149 66936 7242 61565 29685 97692 4356 65915 28739 38492 87116 83039 87334 77545 72631 44914 76213 16080 33780 39077 35245 65807 76819 36784 28414 15937 76802 37968 80654 57215 10232 42990 16310 80151 84030 76195 95219 48264 29862 72927 42048 94523 80085 48864 33785 19163 87431 98562 34662 98562 15328 99525 2198 12752 69888 83182 15507 45758 74183 81306 89521 2026 45820 13332 69333 14754 85783 1863 84728 22415 46973 27793 54021 66260 64132 52541 63869 86977 49185 97987 56705 63178 45303 55828 76434 15716 77178 85938 17783 7997 93674 87564 95465 70928 7942 34729 5551 448 436 71271 90350 70803 47536 77545 35994 53797 36704 87226 59688 15669 72526 71190 68192 79165 11552 5582 98087 66297 70211 4878 62276 590 66609 78226 56569 52519 67105 17741 44185 49811 91783 21034 23818 59967 86093 49684 8489 8463 96761 47644 44472 74221 10594 82212 93529 86444 63345 11982 30791 35781 73762 58573 30486 37040 35967 24900 43488 41749 58791 3330 65700 7790 2805 9552 36776 38352 9203 92232 34433 11695 36049 25067 15909 6306 91066 68495 6901 51005 14089 9081 50623 54805 89086 15638 62890 9298 2688 20516 76724 42899 79426 6394 60629 45954 37175 62032 94041 4391 78064 6937 69624 9819 41747 73322 89714 5374 69400 88140 53745 51944 79501 12754 93284 47261 90980 34972 95584 69954 55332 98559 34964 75570 4088 41879 33538 96134 34266 96040 86080 38122 15884 13939 60864 49201 24820 81712 98861 58196 50117 17428 69752 75037 65562 29045 50298 74810 33317 30632 83538 73381 89621 79058 44090 64563 70958 84849 35104 77186 5031 15994 76204 11953 57372 4027 68268 26989 24067 93787 72033 44053 94775 40565 65240 55241 59014 54274 61316 29334 29209 65089 29564 42160 54975 21911 71701 75067 76273 67756 12026 65572 74936 73623 29399 71880 53392 41719 11531 38824 70249 33689 98346 65990 61404 14636 52228 93600 7099 46754 49253 19 52061 35932 33908
453 82693
14341 87859 8620 89966 73284 66605 45184 37131 44265 77299 23716 28363 53925 67410 26089 35301 19112 75233 23461 48066 20805 81188 32518 71309 75726 24190 92449 56197 90046 48377 10289 80744 44616 4924 60851 27000 25764 3952 49949 60949 58738 72657 60415 17538 33341 50464 39304 4303 16322 39442 92878 53685 54066 93958 50287 95910 59507 17766 30140 57916 11721 41524 4862 30717 74975 64885 92882 40154 67696 41897 65765 24088 57681 66637 86055 43307 5439 2026 67972 57423 42351 78710 33961 50733 67990 84719 51882 9745 19097 8083 74515 91210 26378 39970 12843 57842 5585 51150 46424 18664 70661 15838 20533 81683 26267 10385 41001 48931 13216 42827 91382 50300 60730 75156 60370 74091 26980 15720 76765 84017 85218 49651 5465 75664 49468 60525 5312 42302 32187 38343 45661 91901 78393 58833 76284 94830 47206 86890 77830 84902 40111 48848 47929 99340 23162 59660 75951 6763 22501 67704 73521 77327 1785 40670 47747 12243 70975 66017 48776 57638 454 50528 43028 7358 12998 30218 13212 91512 53855 99307 12925 97860 8511 71025 82281 51124 22862 97296 57523 77851 32893 11006 30505 63049 60191 10123 47539 86981 37825 93788 64979 47064 76857 70512 14355 8641 76013 45356 60854 78880 25488 28631 31873 6486 88367 2220 91833 77358 28302 70637 85757 50004 7271 12774 47710 37307 1062 97606 57412 76149 84629 14348 38946 75601 19848 26301 85276 62579 74662 47202 81539 57013 12264 96750 19515 3566 51204 3910 87113 50814 17871 9525 81993 72564 47638 79911 31227 9887 41816 77585 60910 64775 94691 4748 22308 38218 66630 90730 12287 62802 92291 2470 12459 54749 84101 42102 49531 95893 28942 10272 52105 8329 789 58683 45995 29352 60575 24233 87031 17498 55631 73560 34780 9074 94759 18586 52213 58310 94565 38632 77999 42036 64596 99764 19701 77041 9552 20949 76957 99538 88898 52996 48865 65500 68708 66886 19330 87329 83068 3961 67243 82666 61117 39608 25326 84352 10034 13610 16732 36966 87391 69042 78725 90067 70248 5238 93099 12099 19315 85137 22010 90610 75872 2717 63115 32502 26345 28345 39127 53225 78570 64492 83931 72552 57400 47097 10367 68304 83187 49627 51846 65024 19865 91339 69660 55575 76276 2388 79800 52034 8617 38801 36727 6442 20552 29422 71299 68111 47022 17929 54751 99269 33662 52918 14469 92239 29137 46932 1644 48616 129 52576 20511 45197 10934 87653 17201 30952 1606 84915 67541 11030 74667 83115 59809 62999 56289 57190 66483 50967 94048 60508 67195 63379 56329 57716 36808 59390 69778 67106 49122 94216 24963 20432 82686 27758 36966 2060 16110 84939 61371 75452 97687 16789 53288 39174 36648 13961 80666 81924 96660 84703 70896 58498 88280 98207 98425 62855 25117 96832 45387 82835 81459 9627 43295 44865 72856 16627 29851 58649 10991 52743 88095
213 84043
34387 13767 5344 1195 3076 43576 27542 79957 94286 93369 77112 46555 90669 85964 50341 12662 7402 97243 6951 70407 28574 29677 1016 54689 9827 28822 57507 75001 83776 6069 41271 87274 55275 31468 73466 2600 97176 37342 20855 51906 64226 4855 11679 25676 47166 5080 41944 46516 42223 70229 94059 93188 30124 96624 44282 23483 45103 8872 77215 60756 47840 47047 69778 41784 57058 93072 35115 8484 58490 9140 9265 73280 25213 52016 49332 81511 97060 99486 2894 83585 80886 60634 83867 69614 54580 27909 60751 15184 95882 94847 56846 91057 97833 53754 76229 21730 63492 23482 86975 95357 6071 89165 67817 5685 89880 65888 13909 22773 9195 98339 41053 16827 4169 68790 19504 79464 98603 81411 89696 12026 31297 7053 98564 65564 82402 17913 36487 86715 24420 18171 94153 92671 89797 87905 33056 64216 5861 791 6131 41246 30041 66044 43591 19425 10405 15117 44350 59744 65517 6295 73393 32701 36248 53059 49115 91588 73690 47365 44611 61208 24386 65412 42671 56273 14638 13865 7541 60177 55178 22355 45731 56462 46265 21904 71752 40276 59459 37715 62249 27810 84238 84331 31311 12868 25335 11536 37882 87950 20906 24772 88453 72205 70007 12056 55385 96622 2297 66127 91618 88658 60462 6960 12493 61210 83785 8565 28156 16763 52135 12073 16822 71849 89915
35 28203
60445 43393 99625 71443 20544 55182 58207 93088 14625 8430 83036 31291 94467 32849 86742 73479 47312 6234 47320 16158 7377 74197 24704 2193 90509 21579 54028 64493 90744 31874 42866 66513 30296 26481 73625
159 69485
31476 64933 17303 12688 17044 54193 84156 66699 7914 69340 46584 34180 53873 96724 40042 29003 73861 51900 30149 90891 44252 56335 69790 6567 78492 31078 81917 88234 80005 91516 11268 51363 25987 1135 3412 43199 84348 50279 80285 62986 58821 8486 51415 33638 91938 96590 94578 56372 64090 26905 95243 75094 82123 85736 50711 87080 53751 11113 96683 65642 3368 64108 90283 67046 73223 99377 76555 77350 85672 71962 75833 6001 11315 68109 91556 72841 97955 54645 47964 39124 93788 5630 60618 60662 65571 95810 31997 31694 35501 57266 17869 28632 76508 66526 29628 918 83698 30559 40415 1833 23412 54390 27088 46530 74919 68065 31467 69510 626 85334 45960 83273 45064 48720 6348 89748 71683 55718 11659 93702 62936 66296 96481 84017 81844 37501 84321 72631 93113 21561 65184 44403 94242 31604 15248 30232 42453 84138 62696 40931 27924 28603 64682 70846 62999 28825 74021 35223 8741 62273 7465 24516 58462 58541 75088 36306 47739 34536 9559
183 50851
40627 47009 63774 69418 82315 47889 45077 84147 86978 7637 55616 81321 22940 883 61041 72365 29209 83929 2551 30473 49963 56131 26435 38458 72234 22299 91436 22849 42138 44895 95682 29122 79826 40888 52328 19497 50060 76104 87397 94462 92625 73726 38307 34168 85590 31324 94056 14252 1075 22569 47005 95285 3645 1339 25598 60929 37540 14422 84779 2937 6540 26230 68577 71146 41390 45567 33020 141 48222 2541 87123 14755 86442 95098 12659 42161 75513 49083 92682 10424 3127 27865 43183 87601 52791 10064 58991 30998 43856 33598 31907 30687 98033 50492 67118 92934 78210 42093 60842 91281 45036 61258 75459 63144 54288 37851 63794 49760 98052 15122 66374 53245 51882 70277 66270 85726 16173 6249 44061 66859 624 35409 30559 72047 81981 92772 29677 60697 64656 97910 70691 56117 43927 80212 2170 23843 57570 41615 44806 13143 24254 85389 51533 23166 86266 16163 18546 13676 36785 39184 57520 23950 10344 79793 37230 40470 36163 3448 34696 6452 22738 10902 59404 18359 18807 2601 38055 43258 72530 64836 67854 36690 19767 36753 10091 65029 50474 66916 30381 99426 21920 83510 17873
99 47345
38956 23913 58544 57056 37131 91806 20202 66209 12241 46545 49349 74306 27221 86406 34748 80347 29310 32369 82862 5972 60127 21575 31385 38088 37045 13030 29939 99314 89906 12564 52227 60019 12082 83887 47381 53001 72138 93229 83972 10370 14126 58792 50294 38519 43292 95702 69639 56538 74869 87400 38993 23595 42511 54775 68081 85908 94677 87756 41137 20510 55497 76472 58899 67556 11630 18165 91886 87215 3848 3126 5205 77147 67103 92011 70156 85462 88093 96639 92013 97351 94187 29748 23951 97441 39088 28483 27320 3081 72171 57415 21648 68381 24097 48088 17811 37708 11 72743 80690
368 77980
30190 43809 4677 3461 28842 18869 99575 35991 4152 44512 25309 68934 64825 42813 69555 27751 88492 39334 68390 17131 30488 96963 36101 67072 17665 28883 90265 64531 81564 91254 34141 28090 93337 21827 43258 67119 61318 3709 37689 11490 98056 74156 61210 35877 35224 18362 78254 91632 70201 40203 7598 82597 25762 71411 57657 67143 67165 24169 66817 848 98901 62466 70695 32211 19468 20063 66900 42647 83737 20362 29431 66060 70294 64824 88683 12807 27660 25519 5546 54121 43952 76273 86163 81675 47372 72670 86173 44003 56980 1755 27298 34593 20035 70626 37779 51612 95973 49495 94837 49617 47838 50180 80585 4235 68136 97015 75916 19386 36488 16152 32632 51558 98044 68317 12027 27560 41716 64037 6376 87721 61734 66209 63858 89900 82989 16849 71990 11386 31306 79932 58295 17860 41226 37705 89260 46886 76220 63785 13762 594 1342 48176 19156 83032 60292 20769 17208 8037 89261 2644 56811 88615 83835 22881 86970 95917 88111 17764 54994 90740 49730 28031 44833 18290 60366 59404 84245 9983 89148 71796 61462 69180 67993 24973 85471 81535 62860 35281 51431 48394 88504 65717 88664 96595 23463 25212 25551 84664 62423 41813 71856 47709 30304 35293 57605 92324 1703 78578 72600 89670 23978 14058 29576 22512 76248 93429 94125 27353 30439 44316 33647 62798 22600 81045 13970 72459 11068 85393 9093 67434 11904 35156 54860 78010 42548 12121 21893 44323 82621 17977 76161 63379 11910 96786 98897 73117 60728 6480 68832 73630 92603 5110 21713 71651 96818 21214 5976 86264 23768 40893 34568 53205 25719 33937 21054 15170 27123 17830 35912 76669 12382 3139 67270 97470 96957 49899 25998 15823 19123 32572 32952 16057 55332 91670 9601 76019 12775 8301 43530 57977 45570 51005 13466 99446 59495 89588 53229 88949 96297 28182 15137 91330 13265 10739 80302 73376 29250 38435 93379 91923 59769 76060 59332 12447 11566 98238 2331 91715 89815 77743 19261 25701 59125 37546 92989 33051 28197 15427 93134 91770 58334 21976 85724 42260 60381 47975 34806 51514 64901 79580 79547 32951 51670 21648 35553 40267 32197 3886 54730 56736 15064 97834 1385 52402 9550 48005 11475 21187 71534 2988 75716 60133 80650 90705 35665 42856 91130 89610 61423 14065 31348 34768 44911 42403 98043 81760 49454 51236
269 56545
74156 59339 3295 95529 97396 67356 40100 51853 617 6012 9504 40434 46548 95375 78455 39289 75940 23597 96184 96415 46225 92415 38235 57693 40574 83631 44379 42276 24855 68558 80490 80886 32287 6146 34346 87941 15783 66838 60005 98109 33355 87915 53920 61724 30934 33714 65252 42116 65798 58972 21882 46328 83093 29 53546 7212 17860 31295 78174 86439 24368 61579 14891 85513 85106 26005 18275 96306 80734 7351 80080 84295 22108 32228 97582 9167 52951 2640 62418 12484 8978 22375 90163 94530 95417 18504 14781 69809 52799 63318 34070 37728 61437 7119 16152 22890 39099 68083 48807 35742 29199 87650 64617 64763 2827 41759 61448 76713 59308 2617 21401 47547 417 96152 72125 24697 70334 82191 79898 51733 33511 9403 62857 42738 1431 9460 82451 16009 48628 98807 81715 40128 1698 97021 33362 29611 26338 52946 53379 44597 5726 79209 4276 118 14963 20087 74603 45647 779 11 54626 83466 95614 53069 13074 4492 88115 51849 87050 36087 82659 36783 26147 95114 69722 85927 48425 6809 21086 60703 89255 74584 78823 4359 70593 40228 34492 40531 53390 86563 85385 17403 82106 19304 39719 66964 78857 87167 71535 78235 6605 56303 74307 92724 95239 30438 99534 79359 20 9952 85735 7778 1126 10286 61322 22333 69956 84262 44241 94019 36781 66647 22406 9615 42228 46710 21960 56136 75367 15048 848 33042 54539 59045 91128 13204 15117 27104 45224 77104 47046 54195 15205 28853 64050 91773 88335 59694 68491 56627 23177 60332 20269 6407 99838 53391 64907 24950 262 93242 23029 55806 51163 46203 77246 25753 21469 75037 99203 7294 32210 33874 58038 29831 11981 25765 10600 71282 18477
403 87466
78327 45309 38831 2695 64663 47390 25966 37479 68046 30465 83730 42298 68784 68687 44777 50265 9934 66360 91321 1288 88060 22253 40630 94904 37298 8485 10576 43681 78818 41787 56376 90135 74855 71984 31477 87811 16156 12339 54087 88817 35329 39405 5269 56342 51654 55902 47477 37242 22230 68561 62297 89627 96360 68268 57405 25005 38838 73623 44006 62863 60317 73628 51902 2075 26651 45672 21694 2372 20046 62793 10182 101 5210 11671 73136 9280 41645 56107 20911 14183 50008 90252 21679 89469 74658 84796 31455 9831 4659 3240 96933 49414 48483 96824 60776 19503 73018 68331 68635 29629 62261 23309 90902 97406 90407 74612 71957 8137 76450 69697 14070 76468 86261 71558 39819 7252 16472 91142 32973 3295 41779 28703 50289 96425 79993 17945 52419 32479 22097 67653 24209 25400 40035 71155 77879 86648 32306 26597 12210 20325 31554 85056 2182 40705 80499 67589 44213 87760 38145 1476 17574 43897 52663 48178 5704 34891 92285 92115 18883 73826 83393 7982 52025 44240 88026 31182 80275 92081 594 56368 27362 22237 631 37314 34544 1573 20122 65169 96758 63504 78283 11005 9102 97958 66515 6841 45998 33945 271 89466 25407 29587 91912 16313 52758 37425 69058 19991 79625 55885 47263 54789 70495 8145 84531 2567 98374 36266 94499 68567 50189 69135 4015 11578 6940 16969 39010 88308 4609 80546 18950 18193 69977 24592 85739 16391 46307 95397 67647 47768 335 43300 82732 68738 7631 9364 88534 29437 44572 45458 65008 21925 25890 93426 20674 60645 25036 35644 72611 86696 52395 30354 27284 31223 11746 10474 5072 35136 80998 53217 26912 86980 72495 38677 76483 8451 40417 38558 4861 21255 23664 23450 46383 30122 20084 88139 87166 12869 4006 30672 11859 67453 23802 69011 90724 24945 55415 50780 476 17525 50048 36745 32249 51054 50135 28031 48580 9439 69121 49670 87582 20747 6200 19784 98428 72210 37166 10618 37510 71444 35332 55094 80020 44360 15040 61113 50300 68541 15380 73447 94603 57678 46087 63921 96824 21870 56959 92024 86543 28295 67216 99601 33260 62642 64278 71521 23449 85453 74897 5374 60329 55679 5556 32791 84806 55260 28187 22236 40369 70851 56217 99253 98541 61393 41046 83033 22821 1757 89753 39588 39358 63470 2111 70829 20521 66531 76755 96662 28094 56388 43166 96448 97497 45105 64524 75229 34440 73493 12876 31705 1582 3852 26269 53278 60906 89326 66424 71056 3450 26420 63969 73579 47698 26212 68181 6081 95711 85281 16606 86355 90710 95183 34583
287 73923
4680 44467 47377 99317 76739 8161 61677 28190 839 2929 33177 83915 98091 83521 33063 15207 56920 82467 52221 39024 53694 84805 77163 94317 95844 43251 47479 93636 22834 94301 60913 73984 37832 97708 79295 73930 3421 21662 73110 83244 65073 39935 71318 49286 30180 64238 6032 11450 78123 16590 51169 12212 23816 76184 21476 93604 49664 29520 30715 89362 84245 85983 95639 30500 92055 37925 32245 6190 83526 380 39910 93997 47125 73977 5443 29404 74290 38133 87973 10050 71944 4079 55757 695 91005 45646 22419 16959 21475 50239 49835 78220 3252 10309 66136 64084 83127 42741 48056 60726 4919 30885 57594 85835 8645 35334 89337 64396 77274 84566 79386 56797 12407 54368 38537 19745 98408 77507 16965 48231 23711 88233 70421 71841 7481 75881 50253 89626 10439 73924 56673 54544 53021 55258 99152 52103 18070 29480 72403 91081 8932 35614 54895 56687 69082 30044 78690 40610 50714 57409 1019 93476 26630 94961 82682 43660 60874 21584 91565 52456 90501 40398 13140 90224 51773 16115 78616 18890 27837 19811 94760 28397 52722 30243 76973 45418 81561 47881 76914 65375 2710 9961 85316 54280 59291 32244 17985 37597 27568 9987 52851 37343 80009 26522 6824 1669 60414 88265 58155 83771 48478 90606 76275 45009 63639 97337 10059 25921 54170 19655 65410 40162 91343 87910 74899 87078 17538 31848 91009 89538 39503 85223 21465 15245 31346 65153 72375 63146 99652 95331 36155 43715 49001 98631 74725 69636 3213 52919 40626 26685 55005 66296 95912 96850 38087 69650 90310 69365 23856 48793 16476 54830 12802 62491 38019 6342 48629 35449 16546 19572 96126 38636 64099 48949 86987 32843 93366 15930 75685 4738 40570 59995 56903 84611 95529 49218 23936 80374 26008 93162 26799 13209 58099 48560 1850 67310 51954
451 59750
91503 36530 43692 12715 72696 47337 90546 17670 15374 50454 14871 33755 12943 77542 86801 33804 67675 7991 81263 97496 16902 68404 84080 7487 75352 77352 49967 57376 68358 63472 38866 29876 55354 66815 55377 67746 81580 90577 91433 69334 60052 69161 9843 99295 78071 43679 14457 91520 92204 48292 79212 51291 90732 22532 41779 44536 82942 6040 40962 91498 46390 88161 5831 7097 55348 29302 5938 52689 34783 79701 37520 45389 84221 12549 40468 34606 99765 53478 41223 89770 92310 38250 66070 48289 85231 70624 36731 36992 21216 22567 1889 92935 49497 88275 38195 81163 41490 64981 73092 74222 95283 55191 31838 64560 1664 56328 17304 82648 3640 5868 2502 14615 33225 25243 59240 76800 47946 89458 46266 63983 62437 92169 1409 44094 23199 68265 76951 89608 57859 96966 36003 69518 58831 83656 3609 52084 69836 78154 19077 513 88725 84769 58711 51859 81981 45443 8595 7285 79010 40263 86746 97746 99694 44897 54280 94643 41768 74457 49062 92742 92900 94237 73083 3971 70688 90858 99726 26205 25828 83924 43383 91802 75860 28567 12440 45332 36941 99514 69026 19009 36439 77755 41557 551 43157 36364 13452 44879 48049 14698 58488 92427 34010 27785 6972 56473 79825 34249 61891 97059 2272 40254 55589 50307 37792 90874 96435 98896 27032 87487 26991 35339 51039 76994 40851 42683 46314 12555 2346 97612 46592 20299 52340 7288 51726 98915 25620 10122 85581 25881 67836 79434 73445 8130 69511 41830 41041 94006 2717 74196 23589 17016 34758 10820 71325 80257 19178 75879 31331 60061 445 91427 63700 38590 85498 99342 71586 50759 32173 52503 29287 33469 82358 19327 98790 56695 87380 38562 23916 36709 94227 89132 32258 31248 60808 37016 14006 63525 12718 13485 92799 48979 1344 78894 10608 29235 20453 57460 45810 68213 50781 95042 62326 55953 92244 99713 64406 57287 40949 30271 54770 75377 89555 12570 95160 9262 26324 84653 71352 6534 67046 47118 34116 18049 78217 90889 78486 98341 79822 34655 87011 80253 94222 57451 61957 54703 32681 89594 27406 39831 12366 9870 78288 1466 66117 30112 92189 93208 28502 5575 32128 25714 35027 94565 56342 91843 97968 25337 36233 5353 19930 25785 14942 8813 85801 33949 95940 727 8284 87599 84463 65952 95114 40944 25453 44158 59033 18155 61821 56515 18547 2452 58158 62142 6953 33346 43695 53275 74522 62496 88176 29075 76959 35778 15055 17875 37048 77355 55709 69653 18237 74620 28992 43405 50563 25352 38243 35785 86396 89967 96833 89731 64682 97021 57617 84483 60144 2276 188 6484 77017 17204 87016 97530 55666 37759 79865 62871 44361 84341 89098 6758 66724 91017 18608 29623 75335 46703 5712 5251 89686 56977 55299 57721 16030 15573 72098 16615 41859 73610 95984 4965 76905 83096 20498 33907 83884 26297 40636 5722 9635
180 64722
79657 34023 78914 28528 79241 54083 7398 57980 47412 1339 62849 33911 82066 529 464 19728 40286 83377 47816 78579 21840 41031 12085 47972 93605 98050 19517 2451 12316 62552 19601 2789 99558 87395 88090 29707 76254 60508 87109 6022 70788 4756 64731 91588 80705 90749 24365 92863 63834 19423 57545 97979 58243 70594 51265 92680 81098 98072 54903 78997 59773 62255 48214 24081 82898 83869 25445 36 20354 30332 11407 88129 7787 99313 54743 94045 27500 68338 62873 59907 14197 15327 13914 242 74754 21840 33179 12161 28956 1373 17613 88702 9146 73526 91553 34554 93095 3274 74828 19321 28279 30472 99253 54604 71933 80881 59163 2399 21 23947 34703 53917 48555 22202 45498 16228 11449 47337 8475 85546 94975 11050 96695 10086 94250 47786 1061 5730 53286 12840 8145 39403 88663 46865 94345 26046 7971 7493 79435 21328 69326 51493 67877 19086 67731 76343 89329 20798 63356 84121 94941 38996 64316 49444 69727 37452 63648 47022 85247 42359 86897 24527 77806 83526 87606 39138 14608 11727 14408 23 69964 84680 67399 45686 61581 34096 46784 73701 61424 78221
147 14983
39297 7203 69393 57757 34422 54858 1958 7232 93173 66995 16630 3134 61409 92119 32300 192 37857 39597 49323 86894 77598 45628 92518 34494 95040 20277 20902 66189 97216 98319 80316 3433 282 59790 45144 71373 81964 10285 32862 91551 4239 97263 32822 17242 62471 73725 88243 59768 13326 64536 18595 51605 36209 45108 72984 55891 94050 77667 48060 70098 71939 77222 44748 23957 63773 68262 6694 30200 80857 10412 53391 10920 82453 23818 70993 83537 87509 90687 95855 94535 7767 79267 19654 15628 19867 9747 90986 45420 87344 70052 12917 71128 18155 99463 39046 32049 64449 29187 96243 84732 11005 17106 60194 31027 29898 6765 2957 49036 60598 30709 38044 50559 47043 13023 13355 35575 78889 56724 57241 81951 9018 46398 11907 3257 76179 79667 8318 61587 18227 8452 52700 24760 98629 53784 40500 22926 72601 88766 72478 83196 1321 27087 80067 62370 2033 3523 94080
