15
3 240
90 90 80
3 300
90 90 80
5 21
7 8 7 8 7
7 100
2 6 7 3 4 95 1
100 1000
1000 1000 1000 1000 55 1000 1000 1000 1000 1000 1000 1000 1000 1000 1000 1000 1000 1000 1000 1000 1000 1000 1000 13 1000 1000 1000 1000 1000 1000 233 1000 8 1000 1000 1000 2 1000 1000 1000 1000 1000 1000 1000 1000 1000 1000 1000 987 1000 1000 1000 1000 1000 1000 1000 1000 1000 1000 1000 1000 5 1000 3 1 1000 1000 1000 1000 377 1000 1000 1000 1000 1000 1000 144 1000 1000 1000 1000 1000 1000 1000 1000 1 1000 89 1000 1000 1000 1000 1000 34 21 1000 1000 610 1000 1000
100 999
1000 1000 1000 1000 1000 1000 1000 1000 1000 1000 1000 1000 1000 1000 1000 1000 8 1000 1000 1000 1000 1000 1000 1000 1000 1000 1000 1000 34 1000 1000 233 13 1000 1000 1000 1000 1000 1000 987 1000 1000 3 1000 1000 55 1000 1000 1000 1000 1000 5 1000 1000 1000 1000 1000 1000 21 1000 89 1000 1000 1000 1000 1000 1000 2 1000 1000 1000 1000 1 1000 1000 1000 1 1000 1000 1000 1000 1000 1000 1000 1000 144 1000 1000 1000 1000 1000 1000 1000 610 1000 1000 1000 377 1000 1000
1 999
1000
100 1000
1000 1000 1000 1000 1000 1000 1000 1000 1000 1000 1000 1000 1000 1000 1000 1000 1000 1000 1000 1000 1000 1000 1000 1000 1000 1000 1000 1000 1000 1000 1000 1000 1000 1000 1000 1000 1000 1000 1000 1000 1000 1000 1000 1000 1000 1000 1000 1000 1000 1000 1000 1000 1000 1000 1000 1000 1000 1000 1000 1000 1000 1000 1000 1000 1000 1000 1000 1000 1000 1000 1000 1000 1000 1000 1000 1000 1000 1000 1000 1000 1000 1000 1000 1000 1000 1000 1000 1000 1000 1000 1000 1000 1000 1000 1000 1000 1000 1000 1000 1000
1 1
2
100 1000
1 1 1 1 1 1 1 1 1 1 1 1 1 1 1 1 1 1 1 1 1 1 1 1 1 1 1 1 1 1 1 1 1 1 1 1 1 1 1 1 1 1 1 1 1 1 1 1 1 1 1 1 1 1 1 1 1 1 1 1 1 1 1 1 1 1 1 1 1 1 1 1 1 1 1 1 1 1 1 1 1 1 1 1 1 1 1 1 1 1 1 1 1 1 1 1 1 1 1 1
6 687
937 630 834 321 513 669
90 740
146 51 648 425 689 855 631 548 284 797 418 742 363 227 953 829 816 224 425 508 106 464 989 277 366 98 111 645 788 701 337 287 301 238 885 958 510 120 173 903 468 96 278 413 443 422 785 475 436 861 237 809 201 981 369 97 993 672 544 851 756 128 724 145 690 398 891 17 476 534 490 868 721 872 90 552 407 216 522 608 163 180 604 844 383 902 878 830 450 863
52 178
857 974 625 373 249 714 338 570 825 347 280 949 319 875 387 564 344 810 83 13 774 422 146 480 564 635 767 827 540 780 829 650 187 161 704 837 141 902 426 186 208 593 217 81 902 355 365 913 478 804 919 726
75 968
899 24 253 46 257 410 665 598 675 541 447 146 154 587 734 740 770 476 723 259 380 821 451 498 84 379 260 308 888 424 297 544 555 499 644 162 67 912 854 508 988 893 773 251 153 582 898 90 312 465 627 328 161 446 658 512 376 217 763 591 689 797 715 320 147 31 734 283 41 950 881 82 502 705 599
9 806
855 151 393 861 196 120 985 602 420
