10
3 2
1 2
2 3
5 5
1 2
3 2
3 4
5 4
5 1
12 14
1 2
2 1
1 3
3 4
4 5
5 6
6 3
3 7
7 8
8 9
9 10
10 11
11 12
12 7
15 17
1 2
2 3
3 1
1 4
4 5
5 6
6 7
7 8
8 4
4 9
9 10
10 11
11 12
12 13
13 14
14 15
15 9
13 15
1 2
2 1
1 3
3 4
4 5
5 6
6 3
3 7
7 8
8 9
9 10
10 11
11 12
12 13
13 7
18 17
7 14
9 18
1 2
4 8
8 16
6 13
1 3
3 6
4 9
6 12
2 4
5 10
7 15
2 5
8 17
3 7
5 11
18 36
5 7
9 11
10 9
12 14
2 4
8 10
13 15
11 10
17 16
13 12
14 13
1 3
18 2
7 9
12 11
3 5
9 8
4 3
16 15
11 13
15 17
14 16
8 7
16 18
6 5
15 14
7 6
4 6
10 12
3 2
6 8
17 1
2 1
5 4
18 17
1 18
18 17
13 14
14 15
5 6
11 12
1 2
17 18
2 3
6 7
4 5
3 4
9 10
8 9
15 16
12 13
16 17
10 11
7 8
18 17
14 13
6 5
16 15
8 7
10 9
11 10
13 12
12 11
17 16
3 2
7 6
9 8
18 17
15 14
4 3
2 1
5 4
18 18
14 15
11 12
7 8
1 2
6 7
4 5
16 17
17 18
5 6
9 10
18 1
12 13
15 16
2 3
10 11
13 14
8 9
3 4
