10
5
10 10 15
8 9 20
9 6 5
9 7 3
7 7 12
4
3 6 100
12 10 30
9 11 40
10 1 40
10
1 3 6
4 2 5
3 5 8
6 4 1
5 7 10
8 6 2
9 7 3
8 10 4
11 9 9
10 12 7
10
10 12 7
11 9 9
8 10 4
9 7 3
8 6 2
5 7 10
6 4 1
3 5 8
4 2 5
1 3 6
20
100 100 1
99 99 2
98 98 3
97 97 4
96 96 5
95 95 6
94 94 7
93 93 8
92 92 9
91 91 10
90 90 11
89 89 12
88 88 13
87 87 14
86 86 15
85 85 16
84 84 17
83 83 18
82 82 19
81 81 20
13
16 18 50
13 17 800
17 17 100
16 17 100
17 15 100
10 8 200
15 17 100
15 17 100
13 17 100
17 10 100
9 17 100
18 16 100
16 18 1001
13
16 18 50
13 17 800
17 17 100
16 17 100
17 15 100
10 8 200
15 17 100
15 17 100
13 17 100
17 10 100
9 17 100
18 16 100
16 18 849
13
16 18 50
13 17 800
17 17 100
16 17 100
17 15 100
10 8 302
15 17 100
15 17 100
13 17 100
17 10 100
9 17 100
18 16 100
16 18 849
17
30 80 20
90 50 27
60 100 16
40 20 18
90 51 33
49 89 14
24 66 8
88 34 19
45 55 22
13 20 26
22 18 29
19 19 28
20 40 17
55 45 31
33 87 53
42 54 11
53 41 7
17
30 80 20
90 50 27
60 100 16
40 20 18
90 51 33
49 89 14
24 66 8
88 34 19
45 55 22
13 20 26
22 18 29
19 19 28
20 40 17
55 45 31
33 87 51
42 54 11
53 41 7
