11
4
1 7 30 365
5
7665 300 60 5 7665
5
1 5110 5110 5110 1
5
15330 600 120 10 15330
5
766500000 30000000 6000000 500000 766500000
766
2720 6680 1740 2920 3450 6130 5680 4710 1550 1370 510 4200 1840 2180 1880 420 3380 1750 2950 3270 490 4570 1050 2880 2080 2260 2440 7030 180 2700 2340 1660 1160 5990 5520 1640 4510 1850 50 1580 4330 7130 1810 1830 5340 1080 5330 6100 600 2790 5270 2370 3940 2630 3500 5690 5430 640 4970 3580 3570 4720 5290 3990 6900 3020 710 2670 4060 5750 7620 5100 1650 680 10 6980 4980 1670 4000 7510 3310 6390 3490 1900 5130 2620 4540 3170 2130 3340 6880 5550 6480 5310 4160 3000 5830 5410 3870 3590 5440 4910 6230 5620 6810 6120 3750 3610 2190 6020 6270 6940 5820 5840 2970 1700 4380 2840 4170 7650 6150 1890 6070 4220 1360 3220 7160 3190 6290 5170 4370 2730 3050 7520 5390 2640 7560 1010 4750 4390 4520 6340 2930 2800 5350 5790 6380 2220 7050 1470 3620 1600 4600 3100 5080 7090 6210 5760 3320 350 6650 1530 3720 4730 3290 7470 2940 6990 6040 3120 5650 1030 7530 7630 2540 4800 5050 4420 780 2090 7360 690 2490 5800 7590 5320 4320 2410 4300 260 2230 4640 3830 3550 7330 4990 6490 3960 4880 920 1040 5160 1200 4310 2990 6910 7260 150 7040 1290 4850 4350 5980 6320 4260 3420 5210 6640 7440 4670 5200 650 6460 3300 320 2240 120 5950 2330 2850 620 6860 6370 3690 2680 6780 450 880 4120 6920 1350 2860 5030 2010 590 1860 3890 3710 1430 3080 6870 4840 7020 5090 1710 4230 7500 6760 7390 3430 7400 7370 5260 410 580 3700 6160 3330 4610 1490 6630 4280 2810 2610 7010 3360 3350 6840 6700 3070 1960 2710 5850 4150 720 4700 5000 4010 2520 7640 7320 6710 7070 2550 2300 250 1320 5740 7060 3160 520 4920 1720 7460 5920 6930 5510 5600 3820 1250 7120 4290 60 6600 2960 140 1990 6510 760 2980 5730 6620 230 3920 970 2470 1090 210 7230 6000 3400 2820 4050 3680 1800 1380 3230 6670 1230 440 5190 1130 5590 1020 3090 370 6590 3010 3530 1930 2060 2660 4090 830 2560 7220 530 5530 6830 80 1520 4460 6050 4110 1980 3770 4960 4580 1920 730 3900 6440 4480 7240 5610 100 2780 7350 4180 130 2400 7490 4630 2760 300 5420 3970 3440 2900 3630 790 630 5150 5300 3180 7210 3660 7250 1070 5370 1620 2460 2510 700 6610 4660 400 330 3480 3650 5810 570 1610 2110 360 1870 3150 770 4680 1970 2590 3390 2030 6950 2380 7550 2150 6330 7200 2270 2000 1260 4560 1210 2580 6110 2750 1770 5670 930 3210 1190 4900 7420 960 6500 1340 6570 4620 2250 5040 6030 1420 4590 6730 5450 2690 270 5940 310 6740 7310 6310 4760 110 4440 2830 4130 4190 4830 2140 4400 2200 1780 6360 1330 5230 3030 1280 3140 2890 1310 1140 7140 3640 7610 5560 6890 6200 3130 2910 4410 1480 800 3780 5780 4430 540 4810 1760 7450 2320 3850 5570 850 5250 1060 7380 6250 7480 3200 1540 6800 6280 5070 1110 5500 6420 6430 5140 2310 1170 6010 380 4100 900 5470 6720 550 4250 740 6260 1950 3950 1940 3260 5360 200 2020 840 2570 1500 4740 7290 5180 5240 240 1000 3600 2210 340 890 2280 5460 5710 6190 1510 5930 6580 2290 1240 860 3280 4030 3840 7430 6820 2600 4360 1910 3520 4040 5770 7660 6400 4340 7340 70 5900 6060 470 6690 3810 5110 4780 1400 1460 4550 220 5580 4950 3510 610 6530 670 2360 6520 90 500 40 3060 3460 3250 910 7150 7270 2450 4070 750 7170 4210 4650 2480 6140 4940 390 5640 5870 2740 4870 5060 4450 4530 3860 280 5630 4770 20 3410 7110 3740 980 2420 1410 1570 6090 7190 6560 1790 6240 3930 4820 6450 6180 5910 6770 2430 2350 2770 430 7600 190 5020 820 2870 810 660 7100 1220 3760 30 5280 2390 5890 6300 5960 3560 6550 4930 6220 5720 1390 3240 1730 2050 6170 4020 3470 7580 5540 2120 1450 6750 1100 3370 290 7570 4890 950 4140 6960 170 4790 5860 5880 4080 2500 1590 3540 3730 6410 1180 160 5490 3670 1270 5400 6850 4690 3040 2070 5010 5660 6350 1690 6540 3980 6970 7540 6790 560 4240 7410 4490 7300 2650 2160 1300 5970 3880 940 2170 7280 4470 5480 2530 5380 990 1820 4270 7180 3910 5120 6470 6660 7000 2100 480 1150 4500 3790 1680 5220 1560 460 3800 4860 6080 7080 1630 1440 870 5700 1120 3110 2040
767
9625 7755 13305 13075 9345 13745 11165 9325 8975 14795 14335 12095 14075 11805 9925 14255 8445 12765 8035 7795 11815 14495 13315 10315 13905 14885 14325 14735 8875 13675 9075 9455 10035 12965 8195 12405 13845 9615 14505 11175 13115 9065 13155 7925 14005 12085 7875 12675 10865 9565 10295 10395 13325 11305 14785 10745 12455 11505 9195 10085 10125 13985 12375 11065 12835 13225 14475 8785 8485 11975 14115 10995 11735 14855 10765 8225 8335 15085 12335 11915 9175 9505 10835 8345 9765 9025 11755 8795 14975 14565 13205 11685 13615 14045 9295 10075 7765 11825 10665 9965 8995 11075 8815 8435 7685 13575 15015 12885 7735 9255 14345 12505 10445 14585 12195 8325 14745 13055 14105 13855 12105 9695 8735 10705 10545 9705 12165 11605 13705 11515 13655 10455 9095 14225 11965 12905 13875 11695 9245 12255 7715 10885 12795 14305 14095 13695 14615 9435 10535 9525 14895 8905 15035 13085 9055 11415 14915 10625 8835 9585 9285 13455 8775 12805 10065 10575 15295 8245 14265 14645 14185 9545 9395 12495 13585 9885 13805 13525 13685 13965 8125 9875 10595 10345 11655 9425 8155 11535 11255 14315 14655 12645 7975 7775 14085 15285 7955 9475 14605 9215 8065 13895 11385 11015 10925 10875 7985 15145 7865 9985 12135 9485 7725 14235 12735 8525 13185 11835 12425 11025 12855 7745 7695 8365 8585 9365 10905 8865 15225 11715 15245 9205 11225 14165 10605 14395 12895 12115 15005 11995 11525 8555 9135 10615 10565 14555 13785 13555 12395 14065 9735 11325 14845 13795 12845 12635 10045 13545 13265 11315 14435 7825 11135 15125 15025 8095 8215 14835 10685 13215 9235 14815 10365 8985 10505 9355 13355 14535 8675 8685 10425 8025 9155 10585 14295 12065 13465 7815 13435 9515 12185 8515 8135 11245 13755 15135 11955 13515 12265 13135 13275 11885 10815 15045 10465 11705 14055 8265 14685 9995 11675 9675 9975 14575 14675 8765 11275 8235 13025 15095 13595 8285 7935 13255 7945 14595 8175 8965 15215 10145 9185 14635 15275 15255 9045 12245 8255 9825 11775 8005 8935 8595 12705 12435 8015 10355 9605 12925 8425 13145 8845 14935 9405 10055 11865 9415 11005 10385 10375 9755 9445 13935 11265 11855 11445 10485 14245 10025 10645 14875 8895 13885 9815 12875 10695 12915 9275 13835 7805 10335 12215 12015 14025 13955 8085 15315 14715 15175 13175 15055 14205 9165 11185 8505 12755 11345 8635 10165 11615 12345 11935 13125 8695 8165 15115 8955 12075 14425 8375 14755 9035 8385 12365 10005 12715 10205 13285 8545 14455 11235 14365 9855 11205 10325 7965 10195 14405 11475 9645 8055 14925 12445 12825 12055 12725 10635 13405 11645 12305 12475 14965 12975 11485 14355 14945 7845 12775 12155 11285 12005 11395 13375 11095 12465 9265 13775 12565 10415 13565 13045 15205 10305 8185 9665 10965 13505 12125 11765 8145 14155 9005 9795 11425 12045 15165 8625 11875 15065 10515 8495 13995 15075 14865 11745 11085 13635 14015 11495 11585 9635 13335 10955 9225 14725 14775 9315 13925 10175 9685 9495 15305 11565 12685 9935 7675 9085 9105 8205 9655 7855 11355 9465 12205 14175 9715 9955 12745 9945 11555 9385 10245 9115 11105 13945 12535 8295 12555 9805 12275 12235 9865 8575 9375 13095 12785 14415 13825 8355 15155 11435 14465 11905 12315 12145 12695 8415 8855 12175 11625 10225 14485 9335 10945 7915 10845 11405 8565 7835 13165 12575 8885 10285 10475 14035 14525 11665 13385 14805 13105 8455 7885 10735 7895 11295 10785 14275 7785 11365 11155 13065 9845 14285 11725 9905 13015 14905 12995 8395 12585 12025 13535 12355 8655 8535 13425 10015 9915 11125 10555 15195 8665 13815 13035 12285 10215 14145 12225 14195 13415 8605 8645 12485 13365 15265 7905 11575 12605 13765 14995 9015 8115 13235 13245 9835 11375 13645 10985 15185 11045 10255 12035 8105 12955 13625 12615 14445 9745 13005 13345 8915 10235 13485 12525 14625 12665 15235 12815 10105 10855 11895 10795 11925 8945 14135 15105 8825 14695 8465 12415 11455 9535 10915 10405 12945 11115 9895 14125 10265 13865 14545 10755 13715 9595 13725 13395 10715 11785 9145 10275 8275 12985 9305 14665 10675 10895 11945 11215 8045 13975 14705 14985 14375 10185 11795 8805 13915 13665 8715 10435 12545 8475 12935 10655 13605 10935 8315 11845 9125 13735 12385 10525 14955 10135 10805 14385 13295 14215 14515 11635 10975 13445 10725 10825 10495 11335 14765 9555 8075 11545 10155 8305 12625 12325 8615 9775 11145 11055 14825 12865 9575 8725 8925 11465 10115 11035 9785 10095 8705 12655 8755 13195 15325 11595 11195 8745 9725 12515 13495 11985 13475 10775 7995 7705 12295 8405 12595 7665
767
14304 8614 10214 7924 11294 8194 12194 11714 14464 12554 8934 10964 12614 10724 10224 13594 13484 12324 12254 9724 9134 11054 13124 13474 8164 10934 11834 10354 9524 15024 14914 7664 12564 10744 14054 13854 10234 13894 12364 8594 13174 7784 10874 10124 10904 9934 12984 12744 13014 14214 10084 13324 14584 12834 10884 13744 15094 10144 10514 12974 12174 11624 10044 11924 12574 9874 14874 13364 11074 8244 11584 8524 14374 12944 12354 8784 8454 13194 14064 8734 7834 13284 8994 10994 11394 11744 9394 11964 10004 9144 13444 12474 14244 7704 12464 8134 9804 8574 8854 10544 10954 12964 11824 14554 10814 9644 9594 15214 9634 12184 10674 15054 14544 9994 8044 8984 14534 12804 8954 7884 8684 13304 13844 12674 13394 13024 9114 10294 10074 10094 12894 13184 11224 11524 10334 10894 7734 8544 14174 8024 14804 12794 7844 11654 14884 14274 9854 10634 13544 11894 11084 12494 9404 9264 8804 12624 13724 9464 8894 9744 8374 8604 11004 15134 12684 11864 15204 14664 9614 10644 14404 9544 11594 11214 14384 12274 7994 8054 12714 14854 10764 14104 11954 14324 9004 9174 8484 8654 8344 11514 13764 8494 11914 13944 13754 14754 10664 10854 14024 14764 8434 8794 12824 14774 13784 14794 14094 9064 13234 10104 14074 13494 8324 9304 12024 9654 9924 15144 10244 15314 13604 8274 13974 10984 9764 11544 12394 13794 11244 15254 9494 14504 12514 8424 14044 11734 8874 8034 8004 11534 9884 15174 14574 15124 7744 12044 12404 11254 11064 10314 11274 11304 11814 15004 7894 12854 8824 13694 12694 11404 11984 8154 11764 8764 10494 14294 11144 13824 12864 9044 9944 15294 9714 15084 13344 13204 10464 9564 10524 9824 11034 14364 14424 12154 14904 9754 13004 8924 14954 12924 9344 9364 8714 14974 13714 14614 14164 10454 8884 14514 14944 11384 11804 8094 10944 9054 15114 12314 7774 10804 13164 8104 10054 13814 13624 10404 13454 8144 14604 9214 12704 10654 7964 9324 11604 12114 10414 10434 12874 9904 12884 11204 11434 11094 9284 15194 8504 12504 14714 14784 14284 12634 12074 15234 10324 10754 9504 9514 12244 12774 9254 14984 7864 11014 9094 15014 10624 13464 12724 9974 7666 10834 10614 7944 7714 10014 13314 11724 11234 10914 9184 13904 13274 8554 10114 14454 14844 9554 9354 7984 8304 13684 8974 7874 14004 8674 8814 11554 14414 8664 12484 10594 7934 9014 12524 11044 9024 11874 11464 9454 13864 11614 12444 10924 8944 14964 9674 13554 12014 12264 8174 12994 10374 15304 12054 8334 10164 13254 12424 10184 11424 10304 9034 14234 15074 10364 8624 11704 8464 10974 12344 9104 12814 13414 13434 13154 14864 14684 10034 14654 10134 10824 8704 9784 11164 15274 9224 10794 8564 11024 11314 14334 12384 9814 7954 14704 12104 11934 9234 11284 10274 10474 8234 12374 9774 11564 9074 9624 11684 9574 12234 13064 8184 13704 15044 14344 7754 11904 12004 14624 10734 13874 13224 12094 9664 14154 14444 7804 15184 10584 9914 15244 8314 8254 13654 8074 10484 12064 10694 8404 10284 11374 9154 9984 13424 10774 11574 12954 9434 13774 7684 9834 10714 11334 15264 15034 13104 14484 12584 10204 12224 8844 14034 14114 7824 10604 12434 12294 14354 14814 13664 13614 14564 9704 14434 9204 9694 9244 10424 8914 15284 11414 14894 12764 9534 13214 10254 13354 12214 14474 12124 13034 14744 14524 13134 14824 12784 8644 12664 10384 8634 14014 13504 8744 13144 15154 8224 13584 13244 9864 14834 10394 11124 9844 8264 11264 8444 13094 8414 8694 13984 13914 7974 8364 11484 14634 11444 9894 14264 13674 11944 12904 10844 10344 14674 12204 14494 8354 10534 13574 10554 10564 13564 13884 15104 11754 8474 11854 7904 13114 13954 9084 11494 11844 12334 11184 11344 13514 8584 9424 13404 12844 11354 9484 8864 9794 7724 9584 12654 14724 11994 8964 8204 14084 11794 11974 14134 10684 11134 8534 14254 14734 9194 12544 7794 15164 9604 10264 12604 14394 9124 12134 12934 9954 10444 11474 13924 8084 12164 11324 11674 8774 13264 10704 13384 7814 9294 13644 14644 9384 13804 12754 13294 14934 8754 13934 11114 14924 14594 13084 10864 12914 11454 10784 11694 10574 14144 8064 13524 9334 8114 9474 13834 11154 15324 7914 12284 11194 12034 8294 13734 13964 14224 9414 11104 9374 12644 11644 11504 11364 10024 7764 14694 11174 9274 7854 14184 14124 14204 8904 10194 13074 11784 14994 8394 11634 8724 12414 13374 14314 10154 13044 8284 13994 15064 11774 11884 9164 8014 13054 9684 9314 8514 12084 14194 9964 12144 10174 7694 12734 9734 15224 13534 8124 8384 12454 10064 12594 13634 8834 13334 11664 12304 8214 9444 10504 12534
1000
1 5397 5264 4324 5137 4199 4019 5068 6449 5728 6718 5884 7313 6412 6053 5972 6941 5626 5626 5158 6875 7355 7049 5932 6727 7536 4891 7383 4093 6369 6366 6311 6376 7086 6119 7136 6832 6142 4605 5544 4750 4165 6503 4752 4352 5270 4864 6670 4361 4499 6369 4099 5951 7070 4898 5544 5950 4939 5082 4700 5864 5722 4935 6847 6992 7663 4823 4282 6537 6514 5916 5146 7284 6198 7505 7504 7391 7327 4691 4934 6501 5492 7162 6373 5082 5721 5243 6930 7231 6267 6481 6369 5222 4934 5844 5561 5562 7460 5233 6729 4212 5673 6479 3950 4668 7432 3901 6446 5451 4238 3837 4554 3992 6684 5114 4533 6017 7197 6886 4734 7104 6033 7017 6673 6538 5542 7067 4859 6259 4063 4416 5431 6503 6328 4125 4864 6584 4541 4099 7358 6009 7044 3932 5586 7292 4133 5455 5960 5645 7571 7584 6287 6575 6998 7593 5199 4964 4070 3905 7115 5228 6415 6882 4704 7143 6666 6103 6736 6607 6641 5346 5185 4010 4610 6168 4271 5381 7526 6269 6002 4401 7517 4387 6005 4748 5789 6569 6317 7291 4847 4678 5409 6561 4802 5020 5544 4101 4933 5261 4672 7509 5107 4718 6509 4433 4991 3962 6597 5662 6282 6162 7252 4111 4067 3841 7106 5572 5155 6875 5125 5263 5848 5084 6501 4006 5701 4112 6049 7499 6155 7086 4715 4993 4640 6401 5307 3958 6359 6098 5678 4415 6903 6589 5036 4696 3990 3989 3922 6960 5917 6493 4583 4144 5137 4302 5924 6060 4625 4141 6509 7625 6885 5020 4259 4705 6028 4088 4565 4502 5707 5946 6568 5578 7286 4351 4826 7352 5871 4056 6064 5320 5957 4907 4525 3968 3835 4721 4278 5315 4474 7222 4964 6842 4901 5552 7109 7522 5426 7377 5631 6791 6459 7187 5095 5016 4469 6964 4125 4278 4096 3836 5106 6303 7425 4338 6831 6599 4565 5656 6475 6694 4168 5248 5944 6354 5503 7311 4634 6486 4949 5739 4880 5358 5085 4897 4829 6377 4381 6311 5338 6955 6380 4416 7288 4999 5144 5079 7358 4100 5450 4699 4895 7390 7329 7407 5971 5703 4691 6508 6525 7659 5917 3926 4040 6061 4125 6065 3895 6405 6459 4062 5157 6106 5510 4940 5319 5907 6360 6346 5885 7292 6111 5315 5365 7446 5492 5532 6155 7200 7585 5125 4679 6713 3962 4974 4182 6620 6590 5407 6759 5952 4655 7114 5337 6428 4487 7376 5289 7492 6705 7118 5915 6341 7538 6807 5339 6529 4833 5628 5688 4920 4705 4743 5152 5452 4824 4659 6101 5004 3975 4502 3968 3874 6633 7187 4716 4501 6751 6294 6314 7598 5242 3903 7552 7184 4155 4955 5073 3856 6566 7261 6982 5575 5289 7182 7161 5171 7654 7141 7352 5725 6885 3944 7219 4224 7599 4924 7114 5203 7000 4224 7114 6069 6782 5272 5793 6666 5629 7282 5815 3958 5148 5134 6468 7144 5016 6789 7202 4727 5606 6371 4806 4220 5070 6047 7229 5958 4058 3846 6848 5964 5375 4879 7437 4388 6834 5393 7215 7504 6416 5134 6748 5406 4503 4159 4201 6648 6912 5123 4646 6876 4707 5104 4521 6718 5598 4805 4520 5440 4918 6585 7438 5487 7630 7351 4444 7043 4242 4678 6473 7161 4595 7080 5874 6958 6698 4417 7653 5616 7576 4140 4981 5874 4191 6209 7009 5268 6001 5330 5231 5948 5460 4303 5557 4265 5754 6737 7004 6207 6001 5692 5796 4283 5589 7136 4700 4226 7608 6320 6436 5901 6804 6643 4184 3846 7411 4931 4264 6140 4276 6794 7507 4557 5472 5610 6968 5109 6978 3980 5291 7365 7355 7419 4200 7640 6792 4919 5383 6830 5913 7664 5503 4870 4908 5693 6989 6647 7399 6503 5041 7208 6125 7167 5191 7308 5401 6262 6709 7115 6984 3940 5518 7372 6407 7484 7098 7645 4123 5980 7183 5066 7050 4202 4836 5975 7591 4828 5923 6123 6752 7096 5048 5597 6830 6375 6689 6186 7304 7428 6385 6357 4697 7632 4017 5556 6579 5729 6981 6996 5533 3832 7520 7226 6971 6353 7522 4964 5929 5743 6865 7320 6896 5707 6043 6460 5773 5930 4369 5608 4076 4529 5045 7153 5531 4493 7538 5365 5672 4393 6729 5202 5490 5346 6249 6676 7303 7562 6740 6432 4896 6063 6562 5731 5069 7257 5510 5571 5915 5680 6363 5441 4461 5313 3974 6676 4963 5301 4514 6324 5475 4196 4851 6723 5514 7623 6325 5816 5610 6015 7508 6605 5094 6141 6720 7349 4667 6712 6565 5279 6480 7040 4252 7303 4371 5640 3990 6652 6945 6204 4426 5319 3890 6878 6395 7021 6895 5269 6078 6851 5283 3977 6026 5231 5204 5514 4998 6324 5353 5837 4173 6875 7051 7593 6545 7523 6278 4202 7191 6612 6880 3972 6124 6242 7076 5029 4527 7371 5036 7108 4258 4536 6628 7415 6605 6882 6385 5783 4728 7447 7106 5749 3913 6239 7158 7023 4437 6026 4382 4806 5640 6648 6312 5446 4670 4090 5098 6484 6106 7056 6518 5634 6242 6594 7423 5793 5124 5515 4798 3867 4367 4643 6316 3962 4633 5430 4924 6016 6788 6005 4429 6554 7661 6597 6337 5708 4621 5586 7430 7554 6890 5390 7442 6160 6685 5722 4299 4707 6448 7554 5429 7002 6943 6876 6943 7391 5074 5096 3988 4612 4394 7385 5870 4859 7660 6465 3926 5822 5370 5646 5630 6436 7456 5959 4454 6025 5133 6020 6103 7169 7007 3981 5153 7648 6406 6896 6981 5528 4205 6921 6192 6409 7337 6363 5537 4746 4697 4357 6327 4271 4724 6431 5772 5906 7576 5982 6071 4628 4914 6526 7658 3911 6725 5325 4815 5047 6840 4183 5148 5709 6175 6947 4341 7464 4277 5296 4837 4558 4755 7526 6453 7345 3889 6887 4917 5877 6257 6816 4454 5614 4129 5467 3855 3913 5559 7077 5579 3997 4325 6177 5059 4579 5933 4853 5538 4269 4466 6322 7041 4920 5072 4688 6217 7379 4486 7020 5452 5381 4727 4620 5135 3845 6851 4453 6772 4756 7402 6989 6597 5448 15329
999
1 1 1 1 1 1 1 1 1 1 1 1 1 1 1 1 1 1 1 1 1 1 1 1 1 1 1 1 1 1 1 1 1 1 1 1 1 1 1 1 1 1 1 1 1 1 1 1 1 1 1 1 1 1 1 1 1 1 1 1 1 1 1 1 1 1 1 1 1 1 1 1 1 1 1 1 1 1 1 1 1 1 1 1 1 1 1 1 1 1 1 1 1 1 1 1 1 1 1 1 1 1 1 1 1 1 1 1 1 1 1 1 1 1 1 1 1 1 1 1 1 1 1 1 1 1 1 1 1 1 1 1 1 1 1 1 1 1 1 1 1 1 1 1 1 1 1 1 1 1 1 1 1 1 1 1 1 1 1 1 1 1 1 1 1 1 1 1 1 1 1 1 1 1 1 1 1 1 1 1 1 1 1 1 1 1 1 1 1 1 1 1 1 1 1 1 1 1 1 1 1 1 1 1 1 1 1 1 1 1 1 1 1 1 1 1 1 1 1 1 1 1 1 1 1 1 1 1 1 1 1 1 1 1 1 1 1 1 1 1 1 1 1 1 1 1 1 1 1 1 1 1 1 1 1 1 1 1 1 1 1 1 1 1 1 1 1 1 1 1 1 1 1 1 1 1 1 1 1 1 1 1 1 1 1 1 1 1 1 1 1 1 1 1 1 1 1 1 1 1 1 1 1 1 1 1 1 1 1 1 1 1 1 1 1 1 1 1 1 1 1 1 1 1 1 1 1 1 1 1 1 1 1 1 1 1 1 1 1 1 1 1 1 1 1 1 1 1 1 1 1 1 1 1 1 1 1 1 1 1 1 1 1 1 1 1 1 1 1 1 1 1 1 1 1 1 1 1 1 1 1 1 1 1 1 1 1 1 1 1 1 1 1 1 1 1 1 1 1 1 1 1 1 1 1 1 1 1 1 1 1 1 1 1 1 1 1 1 1 1 1 1 1 1 1 1 1 1 1 1 1 1 1 1 1 1 1 1 1 1 1 1 1 1 1 1 1 1 1 1 1 1 1 1 1 1 1 1 1 1 1 1 1 1 1 1 1 1 1 1 1 1 1 1 1 1 1 1 1 1 1 1 1 1 1 1 1 1 1 1 1 1 1 1 1 1 1 1 1 1 1 1 1 1 1 15329 1 1 1 1 1 1 1 1 1 1 1 1 1 1 1 1 1 1 1 1 1 1 1 1 1 1 1 1 1 1 1 1 1 1 1 1 1 1 1 1 1 1 1 1 1 1 1 1 1 1 1 1 1 1 1 1 1 1 1 1 1 1 1 1 1 1 1 1 1 1 1 1 1 1 1 1 1 1 1 1 1 1 1 1 1 1 1 1 1 1 1 1 1 1 1 1 1 1 1 1 1 1 1 1 1 1 1 1 1 1 1 1 1 1 1 1 1 1 1 1 1 1 1 1 1 1 1 1 1 1 1 1 1 1 1 1 1 1 1 1 1 1 1 1 1 1 1 1 1 1 1 1 1 1 1 1 1 1 1 1 1 1 1 1 1 1 1 1 1 1 1 1 1 1 1 1 1 1 1 1 1 1 1 1 1 1 1 1 1 1 1 1 1 1 1 1 1 1 1 1 1 1 1 1 1 1 1 1 1 1 1 1 1 1 1 1 1 1 1 1 1 1 1 1 1 1 1 1 1 1 1 1 1 1 1 1 1 1 1 1 1 1 1 1 1 1 1 1 1 1 1 1 1 1 1 1 1 1 1 1 1 1 1 1 1 1 1 1 1 1 1 1 1 1 1 1 1 1 1 1 1 1 1 1 1 1 1 1 1 1 1 1 1 1 1 1 1 1 1 1 1 1 1 1 1 1 1 1 1 1 1 1 1 1 1 1 1 1 1 1 1 1 1 1 1 1 1 1 1 1 1 1 1 1 1 1 1 1 1 1 1 1 1 1 1 1 1 1 1 1 1 1 1 1 1 1 1 1 1 1 1 1 1 1 1 1 1 1 1 1 1 1 1 1 1 1 1 1 1 1 1 1 1 1 1 1 1 1 1 1 1 1 1 1 1 1 1 1 1 1 1 1 1 1 1 1 1 1 1 1 1 1 1 1 1 1 1 1 1 1 1 1 1 1 1 1 1 1 1 1 1 1 1 1 1 1 1 1 1 1 1 1 1 1 1 1 1 1 1 1 1 1 1 1 1 1 1 1 1 1 1 1 1 1 1 1 1 1 1 1 1 1 1 1 1 1 1 1 1 1 1 1 1 1 1 1 1 1 1 1 1 1 1
999
1 1 1 1 1 1 1 1 1 1 1 1 1 1 1 1 1 1 1 1 1 1 1 1 1 1 1 1 1 1 1 1 1 1 1 1 1 1 1 1 1 1 1 1 1 1 1 1 1 1 1 1 1 1 1 1 1 1 1 1 1 1 1 1 1 1 1 1 1 1 1 1 1 1 1 1 1 1 1 1 1 1 1 1 1 1 1 1 1 1 1 1 1 1 1 1 1 1 1 1 1 1 1 1 1 1 1 1 1 1 1 1 1 1 1 1 1 1 1 1 1 1 1 1 1 1 1 1 1 1 1 1 1 1 1 1 1 1 1 1 1 1 1 1 1 1 1 1 1 1 1 1 1 1 1 1 1 1 1 1 1 1 1 1 1 1 1 1 1 1 1 1 1 1 1 1 1 1 1 1 1 1 1 1 1 1 1 1 1 1 1 1 1 1 1 1 1 1 1 1 1 1 1 1 1 1 1 1 1 1 1 1 1 1 1 1 1 1 1 1 1 1 1 1 1 1 1 1 1 1 1 1 1 1 1 1 1 1 1 1 1 1 1 1 1 1 1 1 1 1 1 1 1 1 1 1 1 1 1 1 1 1 1 24267390 1 1 1 1 1 1 1 1 1 1 1 1 1 1 1 1 1 1 1 1 1 1 1 1 1 1 1 1 1 1 1 1 1 1 1 1 1 1 1 1 1 1 1 1 1 1 1 1 1 1 1 1 1 1 1 1 1 1 1 1 1 1 1 1 1 1 1 1 1 1 1 1 1 1 1 1 1 1 1 1 1 1 1 1 1 1 1 1 1 1 1 1 1 1 1 1 1 1 1 1 1 1 1 1 1 1 1 1 1 1 1 1 1 1 1 1 1 1 1 1 1 1 1 1 1 1 1 1 1 1 1 1 1 1 1 1 1 1 1 1 1 1 1 1 1 1 1 1 1 1 1 1 1 1 1 1 1 1 1 1 1 1 1 1 1 1 1 1 1 1 1 1 1 1 1 1 1 1 1 1 1 1 1 1 1 1 1 1 1 1 1 1 1 1 1 1 1 1 1 1 1 1 1 1 1 1 1 1 1 1 1 1 1 1 1 1 1 1 1 1 1 1 1 1 1 1 1 1 1 1 1 1 1 1 1 1 1 1 1 1 1 1 1 1 1 1 1 1 1 1 1 1 1 1 1 1 1 1 1 1 1 1 1 1 1 1 1 1 1 1 1 1 1 1 1 1 1 1 1 1 1 1 1 1 1 1 1 1 1 1 1 1 1 1 1 1 1 1 1 1 1 1 1 1 1 1 1 1 1 1 1 1 1 1 1 1 1 1 1 1 1 1 1 1 1 1 1 1 1 1 1 1 1 1 1 1 1 1 1 1 1 1 1 1 1 1 1 1 1 1 1 1 1 1 1 1 1 1 1 1 1 1 1 1 1 1 1 1 1 1 1 1 1 1 1 1 1 1 1 1 1 1 1 1 1 1 1 1 1 1 1 1 1 1 1 1 1 1 1 1 1 1 1 1 1 1 1 1 1 1 1 1 1 1 1 1 1 1 1 1 1 1 1 1 1 1 1 1 1 1 1 1 1 1 1 1 1 1 1 1 1 1 1 1 1 1 1 1 1 1 1 1 1 1 1 1 1 1 1 1 1 1 1 1 1 1 1 1 1 1 1 1 1 1 1 1 1 1 1 1 1 1 1 1 1 1 1 1 1 1 1 1 1 1 1 1 1 1 1 1 1 1 1 1 1 1 1 1 1 1 1 1 1 1 1 1 1 1 1 1 1 1 1 1 1 1 1 1 1 1 1 1 1 1 1 1 1 1 1 1 1 1 1 1 1 1 1 1 1 1 1 1 1 1 1 1 1 1 1 1 1 1 1 1 1 1 1 1 1 1 1 1 1 1 1 1 1 1 1 1 1 1 1 1 1 1 1 1 1 1 1 1 1 1 1 1 1 1 1 1 1 1 1 1 1 1 1 1 1 1 1 1 1 1 1 1 1 1 1 1 1 1 1 1 1 1 1 1 1 1 1 1 1 1 1 1 1 1 1 1 1 1 1 1 1 1 1 1 1 1 1 1 1 1 1 1 1 1 1 1 1 1 1 1 1 1 1 1 1 1 1 1 1 1 1 1 1 1 1 1 1 1 1 1 1 1 1 1 1 1 1 1 1 1 1 1 1 1 1 1 1 1 1 1 1 1 1 1 1 1 1 1 1 1 1 1 1 1 1 1 1 1 1 1 1 1 1 1 1 1 1 1 1 1 1
