15
5
2 15
3 2
1 4
2 3
3 8
4
1 5
1 10
2 2
1 8
10
4 4
4 10
3 13
3 5
3 7
2 11
2 9
1 8
1 12
1 6
10
4 14
4 10
3 13
3 15
3 7
2 11
2 9
1 8
1 12
1 6
20
10 11
9 12
1 10
2 8
3 9
6 7
5 6
12 5
11 4
8 1
7 2
4 3
14 13
13 20
13 19
15 18
16 17
17 16
18 15
19 14
20
10 11
9 12
1 10
2 8
3 9
6 7
5 6
12 5
11 4
8 1
7 2
4 3
14 13
2 20
11 19
2 18
2 17
1 16
1 15
1 14
20
19 85036
9 75163
9 54711
13 86856
4 31313
10 29748
4 43657
1 89501
2 65128
7 40089
15 24169
18 99618
8 99532
18 39435
2 95823
18 65953
1 51774
18 82557
19 77328
9 54534
20
19 100000
19 100000
19 100000
19 100000
19 100000
19 100000
19 100000
19 100000
19 100000
19 100000
19 100000
19 100000
19 100000
19 100000
19 100000
19 100000
19 100000
19 100000
19 100000
19 100000
20
1 1
1 1
1 2
1 2
1 3
1 3
1 1
1 3
1 3
1 2
1 2
1 3
1 2
1 2
1 3
1 2
1 1
1 2
1 1
1 2
10
5 11
4 10
3 8
2 16
4 9
4 11
4 12
3 13
6 12
6 10
2
1 13
1 16
2
1 16
1 13
17
15 36019
2 71131
2 43825
5 30463
4 99971
4 63797
7 84955
11 95109
4 52633
1 66592
12 95126
14 83721
4 42000
13 71375
10 62432
10 62669
13 32073
20
1 1
2 7
3 12
4 13
5 19
1 2
2 8
3 9
4 15
5 20
5 18
4 14
3 11
2 6
1 3
5 17
3 10
2 5
4 16
1 4
20
1 96
2 96
3 96
4 96
4 98
3 96
2 96
1 96
1 96
2 96
3 96
4 96
4 99
3 96
2 96
1 96
1 97
2 100
3 96
4 96
