12
1
1
3
1 3 2
5
2 4 1 3 5
5
2 3 5 4 1
1000
501 502 503 504 505 506 507 508 509 510 511 512 513 514 515 516 517 518 519 520 521 522 523 524 525 526 527 528 529 530 531 532 533 534 535 536 537 538 539 540 541 542 543 544 545 546 547 548 549 550 551 552 553 554 555 556 557 558 559 560 561 562 563 564 565 566 567 568 569 570 571 572 573 574 575 576 577 578 579 580 581 582 583 584 585 586 587 588 589 590 591 592 593 594 595 596 597 598 599 600 601 602 603 604 605 606 607 608 609 610 611 612 613 614 615 616 617 618 619 620 621 622 623 624 625 626 627 628 629 630 631 632 633 634 635 636 637 638 639 640 641 642 643 644 645 646 647 648 649 650 651 652 653 654 655 656 657 658 659 660 661 662 663 664 665 666 667 668 669 670 671 672 673 674 675 676 677 678 679 680 681 682 683 684 685 686 687 688 689 690 691 692 693 694 695 696 697 698 699 700 701 702 703 704 705 706 707 708 709 710 711 712 713 714 715 716 717 718 719 720 721 722 723 724 725 726 727 728 729 730 731 732 733 734 735 736 737 738 739 740 741 742 743 744 745 746 747 748 749 750 751 752 753 754 755 756 757 758 759 760 761 762 763 764 765 766 767 768 769 770 771 772 773 774 775 776 777 778 779 780 781 782 783 784 785 786 787 788 789 790 791 792 793 794 795 796 797 798 799 800 801 802 803 804 805 806 807 808 809 810 811 812 813 814 815 816 817 818 819 820 821 822 823 824 825 826 827 828 829 830 831 832 833 834 835 836 837 838 839 840 841 842 843 844 845 846 847 848 849 850 851 852 853 854 855 856 857 858 859 860 861 862 863 864 865 866 867 868 869 870 871 872 873 874 875 876 877 878 879 880 881 882 883 884 885 886 887 888 889 890 891 892 893 894 895 896 897 898 899 900 901 902 903 904 905 906 907 908 909 910 911 912 913 914 915 916 917 918 919 920 921 922 923 924 925 926 927 928 929 930 931 932 933 934 935 936 937 938 939 940 941 942 943 944 945 946 947 948 949 950 951 952 953 954 955 956 957 958 959 960 961 962 963 964 965 966 967 968 969 970 971 972 973 974 975 976 977 978 979 980 981 982 983 984 985 986 987 988 989 990 991 992 993 994 995 996 997 998 999 1000 1 2 3 4 5 6 7 8 9 10 11 12 13 14 15 16 17 18 19 20 21 22 23 24 25 26 27 28 29 30 31 32 33 34 35 36 37 38 39 40 41 42 43 44 45 46 47 48 49 50 51 52 53 54 55 56 57 58 59 60 61 62 63 64 65 66 67 68 69 70 71 72 73 74 75 76 77 78 79 80 81 82 83 84 85 86 87 88 89 90 91 92 93 94 95 96 97 98 99 100 101 102 103 104 105 106 107 108 109 110 111 112 113 114 115 116 117 118 119 120 121 122 123 124 125 126 127 128 129 130 131 132 133 134 135 136 137 138 139 140 141 142 143 144 145 146 147 148 149 150 151 152 153 154 155 156 157 158 159 160 161 162 163 164 165 166 167 168 169 170 171 172 173 174 175 176 177 178 179 180 181 182 183 184 185 186 187 188 189 190 191 192 193 194 195 196 197 198 199 200 201 202 203 204 205 206 207 208 209 210 211 212 213 214 215 216 217 218 219 220 221 222 223 224 225 226 227 228 229 230 231 232 233 234 235 236 237 238 239 240 241 242 243 244 245 246 247 248 249 250 251 252 253 254 255 256 257 258 259 260 261 262 263 264 265 266 267 268 269 270 271 272 273 274 275 276 277 278 279 280 281 282 283 284 285 286 287 288 289 290 291 292 293 294 295 296 297 298 299 300 301 302 303 304 305 306 307 308 309 310 311 312 313 314 315 316 317 318 319 320 321 322 323 324 325 326 327 328 329 330 331 332 333 334 335 336 337 338 339 340 341 342 343 344 345 346 347 348 349 350 351 352 353 354 355 356 357 358 359 360 361 362 363 364 365 366 367 368 369 370 371 372 373 374 375 376 377 378 379 380 381 382 383 384 385 386 387 388 389 390 391 392 393 394 395 396 397 398 399 400 401 402 403 404 405 406 407 408 409 410 411 412 413 414 415 416 417 418 419 420 421 422 423 424 425 426 427 428 429 430 431 432 433 434 435 436 437 438 439 440 441 442 443 444 445 446 447 448 449 450 451 452 453 454 455 456 457 458 459 460 461 462 463 464 465 466 467 468 469 470 471 472 473 474 475 476 477 478 479 480 481 482 483 484 485 486 487 488 489 490 491 492 493 494 495 496 497 498 499 500
999
1 3 5 7 9 11 13 15 17 19 21 23 25 27 29 31 33 35 37 39 41 43 45 47 49 51 53 55 57 59 61 63 65 67 69 71 73 75 77 79 81 83 85 87 89 91 93 95 97 99 101 103 105 107 109 111 113 115 117 119 121 123 125 127 129 131 133 135 137 139 141 143 145 147 149 151 153 155 157 159 161 163 165 167 169 171 173 175 177 179 181 183 185 187 189 191 193 195 197 199 201 203 205 207 209 211 213 215 217 219 221 223 225 227 229 231 233 235 237 239 241 243 245 247 249 251 253 255 257 259 261 263 265 267 269 271 273 275 277 279 281 283 285 287 289 291 293 295 297 299 301 303 305 307 309 311 313 315 317 319 321 323 325 327 329 331 333 335 337 339 341 343 345 347 349 351 353 355 357 359 361 363 365 367 369 371 373 375 377 379 381 383 385 387 389 391 393 395 397 399 401 403 405 407 409 411 413 415 417 419 421 423 425 427 429 431 433 435 437 439 441 443 445 447 449 451 453 455 457 459 461 463 465 467 469 471 473 475 477 479 481 483 485 487 489 491 493 495 497 499 501 503 505 507 509 511 513 515 517 519 521 523 525 527 529 531 533 535 537 539 541 543 545 547 549 551 553 555 557 559 561 563 565 567 569 571 573 575 577 579 581 583 585 587 589 591 593 595 597 599 601 603 605 607 609 611 613 615 617 619 621 623 625 627 629 631 633 635 637 639 641 643 645 647 649 651 653 655 657 659 661 663 665 667 669 671 673 675 677 679 681 683 685 687 689 691 693 695 697 699 701 703 705 707 709 711 713 715 717 719 721 723 725 727 729 731 733 735 737 739 741 743 745 747 749 751 753 755 757 759 761 763 765 767 769 771 773 775 777 779 781 783 785 787 789 791 793 795 797 799 801 803 805 807 809 811 813 815 817 819 821 823 825 827 829 831 833 835 837 839 841 843 845 847 849 851 853 855 857 859 861 863 865 867 869 871 873 875 877 879 881 883 885 887 889 891 893 895 897 899 901 903 905 907 909 911 913 915 917 919 921 923 925 927 929 931 933 935 937 939 941 943 945 947 949 951 953 955 957 959 961 963 965 967 969 971 973 975 977 979 981 983 985 987 989 991 993 995 997 999 2 4 6 8 10 12 14 16 18 20 22 24 26 28 30 32 34 36 38 40 42 44 46 48 50 52 54 56 58 60 62 64 66 68 70 72 74 76 78 80 82 84 86 88 90 92 94 96 98 100 102 104 106 108 110 112 114 116 118 120 122 124 126 128 130 132 134 136 138 140 142 144 146 148 150 152 154 156 158 160 162 164 166 168 170 172 174 176 178 180 182 184 186 188 190 192 194 196 198 200 202 204 206 208 210 212 214 216 218 220 222 224 226 228 230 232 234 236 238 240 242 244 246 248 250 252 254 256 258 260 262 264 266 268 270 272 274 276 278 280 282 284 286 288 290 292 294 296 298 300 302 304 306 308 310 312 314 316 318 320 322 324 326 328 330 332 334 336 338 340 342 344 346 348 350 352 354 356 358 360 362 364 366 368 370 372 374 376 378 380 382 384 386 388 390 392 394 396 398 400 402 404 406 408 410 412 414 416 418 420 422 424 426 428 430 432 434 436 438 440 442 444 446 448 450 452 454 456 458 460 462 464 466 468 470 472 474 476 478 480 482 484 486 488 490 492 494 496 498 500 502 504 506 508 510 512 514 516 518 520 522 524 526 528 530 532 534 536 538 540 542 544 546 548 550 552 554 556 558 560 562 564 566 568 570 572 574 576 578 580 582 584 586 588 590 592 594 596 598 600 602 604 606 608 610 612 614 616 618 620 622 624 626 628 630 632 634 636 638 640 642 644 646 648 650 652 654 656 658 660 662 664 666 668 670 672 674 676 678 680 682 684 686 688 690 692 694 696 698 700 702 704 706 708 710 712 714 716 718 720 722 724 726 728 730 732 734 736 738 740 742 744 746 748 750 752 754 756 758 760 762 764 766 768 770 772 774 776 778 780 782 784 786 788 790 792 794 796 798 800 802 804 806 808 810 812 814 816 818 820 822 824 826 828 830 832 834 836 838 840 842 844 846 848 850 852 854 856 858 860 862 864 866 868 870 872 874 876 878 880 882 884 886 888 890 892 894 896 898 900 902 904 906 908 910 912 914 916 918 920 922 924 926 928 930 932 934 936 938 940 942 944 946 948 950 952 954 956 958 960 962 964 966 968 970 972 974 976 978 980 982 984 986 988 990 992 994 996 998
1000
2 1 4 3 6 5 8 7 10 9 12 11 14 13 16 15 18 17 20 19 22 21 24 23 26 25 28 27 30 29 32 31 34 33 36 35 38 37 40 39 42 41 44 43 46 45 48 47 50 49 52 51 54 53 56 55 58 57 60 59 62 61 64 63 66 65 68 67 70 69 72 71 74 73 76 75 78 77 80 79 82 81 84 83 86 85 88 87 90 89 92 91 94 93 96 95 98 97 100 99 102 101 104 103 106 105 108 107 110 109 112 111 114 113 116 115 118 117 120 119 122 121 124 123 126 125 128 127 130 129 132 131 134 133 136 135 138 137 140 139 142 141 144 143 146 145 148 147 150 149 152 151 154 153 156 155 158 157 160 159 162 161 164 163 166 165 168 167 170 169 172 171 174 173 176 175 178 177 180 179 182 181 184 183 186 185 188 187 190 189 192 191 194 193 196 195 198 197 200 199 202 201 204 203 206 205 208 207 210 209 212 211 214 213 216 215 218 217 220 219 222 221 224 223 226 225 228 227 230 229 232 231 234 233 236 235 238 237 240 239 242 241 244 243 246 245 248 247 250 249 252 251 254 253 256 255 258 257 260 259 262 261 264 263 266 265 268 267 270 269 272 271 274 273 276 275 278 277 280 279 282 281 284 283 286 285 288 287 290 289 292 291 294 293 296 295 298 297 300 299 302 301 304 303 306 305 308 307 310 309 312 311 314 313 316 315 318 317 320 319 322 321 324 323 326 325 328 327 330 329 332 331 334 333 336 335 338 337 340 339 342 341 344 343 346 345 348 347 350 349 352 351 354 353 356 355 358 357 360 359 362 361 364 363 366 365 368 367 370 369 372 371 374 373 376 375 378 377 380 379 382 381 384 383 386 385 388 387 390 389 392 391 394 393 396 395 398 397 400 399 402 401 404 403 406 405 408 407 410 409 412 411 414 413 416 415 418 417 420 419 422 421 424 423 426 425 428 427 430 429 432 431 434 433 436 435 438 437 440 439 442 441 444 443 446 445 448 447 450 449 452 451 454 453 456 455 458 457 460 459 462 461 464 463 466 465 468 467 470 469 472 471 474 473 476 475 478 477 480 479 482 481 484 483 486 485 488 487 490 489 492 491 494 493 496 495 498 497 500 499 502 501 504 503 506 505 508 507 510 509 512 511 514 513 516 515 518 517 520 519 522 521 524 523 526 525 528 527 530 529 532 531 534 533 536 535 538 537 540 539 542 541 544 543 546 545 548 547 550 549 552 551 554 553 556 555 558 557 560 559 562 561 564 563 566 565 568 567 570 569 572 571 574 573 576 575 578 577 580 579 582 581 584 583 586 585 588 587 590 589 592 591 594 593 596 595 598 597 600 599 602 601 604 603 606 605 608 607 610 609 612 611 614 613 616 615 618 617 620 619 622 621 624 623 626 625 628 627 630 629 632 631 634 633 636 635 638 637 640 639 642 641 644 643 646 645 648 647 650 649 652 651 654 653 656 655 658 657 660 659 662 661 664 663 666 665 668 667 670 669 672 671 674 673 676 675 678 677 680 679 682 681 684 683 686 685 688 687 690 689 692 691 694 693 696 695 698 697 700 699 702 701 704 703 706 705 708 707 710 709 712 711 714 713 716 715 718 717 720 719 722 721 724 723 726 725 728 727 730 729 732 731 734 733 736 735 738 737 740 739 742 741 744 743 746 745 748 747 750 749 752 751 754 753 756 755 758 757 760 759 762 761 764 763 766 765 768 767 770 769 772 771 774 773 776 775 778 777 780 779 782 781 784 783 786 785 788 787 790 789 792 791 794 793 796 795 798 797 800 799 802 801 804 803 806 805 808 807 810 809 812 811 814 813 816 815 818 817 820 819 822 821 824 823 826 825 828 827 830 829 832 831 834 833 836 835 838 837 840 839 842 841 844 843 846 845 848 847 850 849 852 851 854 853 856 855 858 857 860 859 862 861 864 863 866 865 868 867 870 869 872 871 874 873 876 875 878 877 880 879 882 881 884 883 886 885 888 887 890 889 892 891 894 893 896 895 898 897 900 899 902 901 904 903 906 905 908 907 910 909 912 911 914 913 916 915 918 917 920 919 922 921 924 923 926 925 928 927 930 929 932 931 934 933 936 935 938 937 940 939 942 941 944 943 946 945 948 947 950 949 952 951 954 953 956 955 958 957 960 959 962 961 964 963 966 965 968 967 970 969 972 971 974 973 976 975 978 977 980 979 982 981 984 983 986 985 988 987 990 989 992 991 994 993 996 995 998 997 1000 999
1000
580 741 761 585 83 206 795 718 488 417 814 990 276 42 360 540 709 778 1 107 147 916 743 511 946 295 264 666 214 157 686 79 798 307 806 578 747 786 742 65 981 300 277 485 229 101 440 581 102 978 777 144 902 12 685 945 549 840 14 500 759 43 50 87 662 368 142 738 143 227 979 416 547 726 234 706 920 158 642 354 451 587 220 847 119 836 797 261 41 452 591 875 809 767 196 652 963 357 766 722 499 458 671 867 563 800 559 728 539 622 688 673 216 262 604 47 138 831 807 803 913 269 892 572 855 15 985 411 252 212 160 170 894 161 55 421 122 213 899 129 992 698 250 730 387 72 646 378 896 941 971 431 130 51 396 320 168 424 705 231 969 395 707 197 184 508 309 326 784 764 895 970 594 917 844 931 565 128 997 371 793 848 958 898 319 134 973 774 776 226 964 340 331 7 251 334 553 521 654 186 374 503 986 190 46 11 801 881 864 376 835 624 453 165 301 445 560 167 54 18 36 957 857 597 115 832 675 710 125 63 296 523 838 489 599 412 389 169 145 638 590 752 636 85 346 542 889 209 732 433 148 191 748 459 934 24 342 267 582 808 538 558 984 713 364 460 854 975 351 527 447 647 486 181 669 598 384 768 994 219 532 382 502 830 420 423 626 609 480 627 292 998 696 905 406 315 600 245 422 58 29 870 639 694 873 33 305 94 401 178 909 608 281 772 506 338 618 977 943 490 719 805 817 513 649 785 712 903 514 123 375 208 193 991 413 603 928 770 995 982 385 409 731 753 383 633 329 273 159 606 637 505 78 856 176 813 272 906 862 126 643 833 454 444 614 525 140 462 573 885 509 199 504 291 468 661 302 821 879 28 974 605 914 479 536 708 954 388 623 865 948 930 380 904 924 655 463 59 962 510 57 574 465 703 932 403 630 611 80 268 404 593 601 271 942 739 695 221 31 163 180 482 476 237 925 285 194 344 700 939 670 657 173 771 345 754 210 953 965 717 5 2 687 164 35 949 347 287 788 815 275 471 428 37 174 595 537 872 70 20 520 239 475 810 89 172 681 153 449 568 127 243 419 151 321 758 286 566 570 34 253 393 586 48 989 535 477 616 491 583 289 175 67 333 279 246 263 93 254 704 337 716 648 405 366 415 923 653 242 149 204 56 517 49 727 288 52 218 882 610 750 330 222 236 189 3 469 365 812 522 876 361 579 60 897 550 16 238 200 341 98 837 526 749 912 429 203 39 185 693 773 121 893 650 132 22 399 113 359 729 461 617 746 845 438 392 335 679 391 313 554 280 720 530 561 625 775 763 584 339 849 464 141 843 534 82 373 316 663 108 13 111 356 635 967 602 884 146 348 224 99 684 88 820 112 192 955 929 927 512 792 651 682 483 496 442 109 737 322 448 294 680 825 576 241 77 86 588 551 308 668 26 73 53 318 150 21 311 443 828 114 968 839 950 105 545 103 683 641 699 908 782 676 796 156 629 697 233 205 961 299 853 677 689 240 507 888 866 9 733 466 402 658 282 248 370 215 303 355 390 877 467 325 632 619 418 10 936 822 283 919 434 306 38 911 187 470 493 519 439 556 980 32 665 790 235 265 555 117 426 780 890 516 202 736 921 564 177 868 110 667 567 332 284 260 407 765 92 323 91 952 571 455 171 290 30 474 999 314 353 81 183 645 723 613 136 17 425 372 557 350 278 783 993 659 381 484 473 757 569 691 524 755 577 787 987 874 996 935 804 75 794 45 891 259 152 95 589 441 492 714 827 861 379 621 437 61 966 592 310 850 596 27 907 972 23 769 901 859 824 369 760 293 446 660 62 692 644 533 829 386 135 634 8 869 734 938 940 612 497 615 818 182 543 255 211 562 336 362 217 324 960 976 363 956 711 68 131 628 951 529 84 575 179 247 312 715 922 816 25 298 702 841 456 548 725 640 304 678 120 201 826 266 244 789 915 544 690 432 472 756 858 851 863 988 541 745 871 71 518 166 352 6 515 740 249 97 744 481 118 398 154 195 66 427 435 358 343 270 918 779 672 498 900 620 162 328 327 883 394 106 44 944 69 408 802 100 664 133 751 846 947 631 74 436 232 40 656 607 116 297 410 397 933 19 781 155 377 414 4 959 819 823 64 495 400 937 104 842 478 1000 887 188 76 926 721 878 274 886 552 799 256 701 494 910 852 762 430 367 791 674 223 546 228 880 834 724 531 735 90 139 860 124 225 501 450 811 487 528 257 317 983 207 258 198 349 457 137 230 96
1000
1000 1 2 3 4 5 6 7 8 9 10 11 12 13 14 15 16 17 18 19 20 21 22 23 24 25 26 27 28 29 30 31 32 33 34 35 36 37 38 39 40 41 42 43 44 45 46 47 48 49 50 51 52 53 54 55 56 57 58 59 60 61 62 63 64 65 66 67 68 69 70 71 72 73 74 75 76 77 78 79 80 81 82 83 84 85 86 87 88 89 90 91 92 93 94 95 96 97 98 99 100 101 102 103 104 105 106 107 108 109 110 111 112 113 114 115 116 117 118 119 120 121 122 123 124 125 126 127 128 129 130 131 132 133 134 135 136 137 138 139 140 141 142 143 144 145 146 147 148 149 150 151 152 153 154 155 156 157 158 159 160 161 162 163 164 165 166 167 168 169 170 171 172 173 174 175 176 177 178 179 180 181 182 183 184 185 186 187 188 189 190 191 192 193 194 195 196 197 198 199 200 201 202 203 204 205 206 207 208 209 210 211 212 213 214 215 216 217 218 219 220 221 222 223 224 225 226 227 228 229 230 231 232 233 234 235 236 237 238 239 240 241 242 243 244 245 246 247 248 249 250 251 252 253 254 255 256 257 258 259 260 261 262 263 264 265 266 267 268 269 270 271 272 273 274 275 276 277 278 279 280 281 282 283 284 285 286 287 288 289 290 291 292 293 294 295 296 297 298 299 300 301 302 303 304 305 306 307 308 309 310 311 312 313 314 315 316 317 318 319 320 321 322 323 324 325 326 327 328 329 330 331 332 333 334 335 336 337 338 339 340 341 342 343 344 345 346 347 348 349 350 351 352 353 354 355 356 357 358 359 360 361 362 363 364 365 366 367 368 369 370 371 372 373 374 375 376 377 378 379 380 381 382 383 384 385 386 387 388 389 390 391 392 393 394 395 396 397 398 399 400 401 402 403 404 405 406 407 408 409 410 411 412 413 414 415 416 417 418 419 420 421 422 423 424 425 426 427 428 429 430 431 432 433 434 435 436 437 438 439 440 441 442 443 444 445 446 447 448 449 450 451 452 453 454 455 456 457 458 459 460 461 462 463 464 465 466 467 468 469 470 471 472 473 474 475 476 477 478 479 480 481 482 483 484 485 486 487 488 489 490 491 492 493 494 495 496 497 498 499 500 501 502 503 504 505 506 507 508 509 510 511 512 513 514 515 516 517 518 519 520 521 522 523 524 525 526 527 528 529 530 531 532 533 534 535 536 537 538 539 540 541 542 543 544 545 546 547 548 549 550 551 552 553 554 555 556 557 558 559 560 561 562 563 564 565 566 567 568 569 570 571 572 573 574 575 576 577 578 579 580 581 582 583 584 585 586 587 588 589 590 591 592 593 594 595 596 597 598 599 600 601 602 603 604 605 606 607 608 609 610 611 612 613 614 615 616 617 618 619 620 621 622 623 624 625 626 627 628 629 630 631 632 633 634 635 636 637 638 639 640 641 642 643 644 645 646 647 648 649 650 651 652 653 654 655 656 657 658 659 660 661 662 663 664 665 666 667 668 669 670 671 672 673 674 675 676 677 678 679 680 681 682 683 684 685 686 687 688 689 690 691 692 693 694 695 696 697 698 699 700 701 702 703 704 705 706 707 708 709 710 711 712 713 714 715 716 717 718 719 720 721 722 723 724 725 726 727 728 729 730 731 732 733 734 735 736 737 738 739 740 741 742 743 744 745 746 747 748 749 750 751 752 753 754 755 756 757 758 759 760 761 762 763 764 765 766 767 768 769 770 771 772 773 774 775 776 777 778 779 780 781 782 783 784 785 786 787 788 789 790 791 792 793 794 795 796 797 798 799 800 801 802 803 804 805 806 807 808 809 810 811 812 813 814 815 816 817 818 819 820 821 822 823 824 825 826 827 828 829 830 831 832 833 834 835 836 837 838 839 840 841 842 843 844 845 846 847 848 849 850 851 852 853 854 855 856 857 858 859 860 861 862 863 864 865 866 867 868 869 870 871 872 873 874 875 876 877 878 879 880 881 882 883 884 885 886 887 888 889 890 891 892 893 894 895 896 897 898 899 900 901 902 903 904 905 906 907 908 909 910 911 912 913 914 915 916 917 918 919 920 921 922 923 924 925 926 927 928 929 930 931 932 933 934 935 936 937 938 939 940 941 942 943 944 945 946 947 948 949 950 951 952 953 954 955 956 957 958 959 960 961 962 963 964 965 966 967 968 969 970 971 972 973 974 975 976 977 978 979 980 981 982 983 984 985 986 987 988 989 990 991 992 993 994 995 996 997 998 999
1000
2 3 4 5 6 7 8 9 10 11 12 13 14 15 16 17 18 19 20 21 22 23 24 25 26 27 28 29 30 31 32 33 34 35 36 37 38 39 40 41 42 43 44 45 46 47 48 49 50 51 52 53 54 55 56 57 58 59 60 61 62 63 64 65 66 67 68 69 70 71 72 73 74 75 76 77 78 79 80 81 82 83 84 85 86 87 88 89 90 91 92 93 94 95 96 97 98 99 100 101 102 103 104 105 106 107 108 109 110 111 112 113 114 115 116 117 118 119 120 121 122 123 124 125 126 127 128 129 130 131 132 133 134 135 136 137 138 139 140 141 142 143 144 145 146 147 148 149 150 151 152 153 154 155 156 157 158 159 160 161 162 163 164 165 166 167 168 169 170 171 172 173 174 175 176 177 178 179 180 181 182 183 184 185 186 187 188 189 190 191 192 193 194 195 196 197 198 199 200 201 202 203 204 205 206 207 208 209 210 211 212 213 214 215 216 217 218 219 220 221 222 223 224 225 226 227 228 229 230 231 232 233 234 235 236 237 238 239 240 241 242 243 244 245 246 247 248 249 250 251 252 253 254 255 256 257 258 259 260 261 262 263 264 265 266 267 268 269 270 271 272 273 274 275 276 277 278 279 280 281 282 283 284 285 286 287 288 289 290 291 292 293 294 295 296 297 298 299 300 301 302 303 304 305 306 307 308 309 310 311 312 313 314 315 316 317 318 319 320 321 322 323 324 325 326 327 328 329 330 331 332 333 334 335 336 337 338 339 340 341 342 343 344 345 346 347 348 349 350 351 352 353 354 355 356 357 358 359 360 361 362 363 364 365 366 367 368 369 370 371 372 373 374 375 376 377 378 379 380 381 382 383 384 385 386 387 388 389 390 391 392 393 394 395 396 397 398 399 400 401 402 403 404 405 406 407 408 409 410 411 412 413 414 415 416 417 418 419 420 421 422 423 424 425 426 427 428 429 430 431 432 433 434 435 436 437 438 439 440 441 442 443 444 445 446 447 448 449 450 451 452 453 454 455 456 457 458 459 460 461 462 463 464 465 466 467 468 469 470 471 472 473 474 475 476 477 478 479 480 481 482 483 484 485 486 487 488 489 490 491 492 493 494 495 496 497 498 499 500 501 502 503 504 505 506 507 508 509 510 511 512 513 514 515 516 517 518 519 520 521 522 523 524 525 526 527 528 529 530 531 532 533 534 535 536 537 538 539 540 541 542 543 544 545 546 547 548 549 550 551 552 553 554 555 556 557 558 559 560 561 562 563 564 565 566 567 568 569 570 571 572 573 574 575 576 577 578 579 580 581 582 583 584 585 586 587 588 589 590 591 592 593 594 595 596 597 598 599 600 601 602 603 604 605 606 607 608 609 610 611 612 613 614 615 616 617 618 619 620 621 622 623 624 625 626 627 628 629 630 631 632 633 634 635 636 637 638 639 640 641 642 643 644 645 646 647 648 649 650 651 652 653 654 655 656 657 658 659 660 661 662 663 664 665 666 667 668 669 670 671 672 673 674 675 676 677 678 679 680 681 682 683 684 685 686 687 688 689 690 691 692 693 694 695 696 697 698 699 700 701 702 703 704 705 706 707 708 709 710 711 712 713 714 715 716 717 718 719 720 721 722 723 724 725 726 727 728 729 730 731 732 733 734 735 736 737 738 739 740 741 742 743 744 745 746 747 748 749 750 751 752 753 754 755 756 757 758 759 760 761 762 763 764 765 766 767 768 769 770 771 772 773 774 775 776 777 778 779 780 781 782 783 784 785 786 787 788 789 790 791 792 793 794 795 796 797 798 799 800 801 802 803 804 805 806 807 808 809 810 811 812 813 814 815 816 817 818 819 820 821 822 823 824 825 826 827 828 829 830 831 832 833 834 835 836 837 838 839 840 841 842 843 844 845 846 847 848 849 850 851 852 853 854 855 856 857 858 859 860 861 862 863 864 865 866 867 868 869 870 871 872 873 874 875 876 877 878 879 880 881 882 883 884 885 886 887 888 889 890 891 892 893 894 895 896 897 898 899 900 901 902 903 904 905 906 907 908 909 910 911 912 913 914 915 916 917 918 919 920 921 922 923 924 925 926 927 928 929 930 931 932 933 934 935 936 937 938 939 940 941 942 943 944 945 946 947 948 949 950 951 952 953 954 955 956 957 958 959 960 961 962 963 964 965 966 967 968 969 970 971 972 973 974 975 976 977 978 979 980 981 982 983 984 985 986 987 988 989 990 991 992 993 994 995 996 997 998 999 1000 1
731
294 295 296 297 298 299 300 301 302 303 304 305 306 307 308 309 310 311 312 313 314 315 316 317 318 319 320 321 322 323 324 325 326 327 328 329 330 331 332 333 334 335 336 337 338 339 340 341 342 343 344 345 346 347 348 349 350 351 352 353 354 355 356 357 358 359 360 361 362 363 364 365 366 367 368 369 370 371 372 373 374 375 376 377 378 379 380 381 382 383 384 385 386 387 388 389 390 391 392 393 394 395 396 397 398 399 400 401 402 403 404 405 406 407 408 409 410 411 412 413 414 415 416 417 418 419 420 421 422 423 424 425 426 427 428 429 430 431 432 433 434 435 436 437 438 439 440 441 442 443 444 445 446 447 448 449 450 451 452 453 454 455 456 457 458 459 460 461 462 463 464 465 466 467 468 469 470 471 472 473 474 475 476 477 478 479 480 481 482 483 484 485 486 487 488 489 490 491 492 493 494 495 496 497 498 499 500 501 502 503 504 505 506 507 508 509 510 511 512 513 514 515 516 517 518 519 520 521 522 523 524 525 526 527 528 529 530 531 532 533 534 535 536 537 538 539 540 541 542 543 544 545 546 547 548 549 550 551 552 553 554 555 556 557 558 559 560 561 562 563 564 565 566 567 568 569 570 571 572 573 574 575 576 577 578 579 580 581 582 583 584 585 586 587 588 589 590 591 592 593 594 595 596 597 598 599 600 601 602 603 604 605 606 607 608 609 610 611 612 613 614 615 616 617 618 619 620 621 622 623 624 625 626 627 628 629 630 631 632 633 634 635 636 637 638 639 640 641 642 643 644 645 646 647 648 649 650 651 652 653 654 655 656 657 658 659 660 661 662 663 664 665 666 667 668 669 670 671 672 673 674 675 676 677 678 679 680 681 682 683 684 685 686 687 688 689 690 691 692 693 694 695 696 697 698 699 700 701 702 703 704 705 706 707 708 709 710 711 712 713 714 715 716 717 718 719 720 721 722 723 724 725 726 727 728 729 730 731 1 2 3 4 5 6 7 8 9 10 11 12 13 14 15 16 17 18 19 20 21 22 23 24 25 26 27 28 29 30 31 32 33 34 35 36 37 38 39 40 41 42 43 44 45 46 47 48 49 50 51 52 53 54 55 56 57 58 59 60 61 62 63 64 65 66 67 68 69 70 71 72 73 74 75 76 77 78 79 80 81 82 83 84 85 86 87 88 89 90 91 92 93 94 95 96 97 98 99 100 101 102 103 104 105 106 107 108 109 110 111 112 113 114 115 116 117 118 119 120 121 122 123 124 125 126 127 128 129 130 131 132 133 134 135 136 137 138 139 140 141 142 143 144 145 146 147 148 149 150 151 152 153 154 155 156 157 158 159 160 161 162 163 164 165 166 167 168 169 170 171 172 173 174 175 176 177 178 179 180 181 182 183 184 185 186 187 188 189 190 191 192 193 194 195 196 197 198 199 200 201 202 203 204 205 206 207 208 209 210 211 212 213 214 215 216 217 218 219 220 221 222 223 224 225 226 227 228 229 230 231 232 233 234 235 236 237 238 239 240 241 242 243 244 245 246 247 248 249 250 251 252 253 254 255 256 257 258 259 260 261 262 263 264 265 266 267 268 269 270 271 272 273 274 275 276 277 278 279 280 281 282 283 284 285 286 287 288 289 290 291 292 293
1000
1 4 3 6 5 8 7 10 9 12 11 14 13 16 15 18 17 20 19 22 21 24 23 26 25 28 27 30 29 32 31 34 33 36 35 38 37 40 39 42 41 44 43 46 45 48 47 50 49 52 51 54 53 56 55 58 57 60 59 62 61 64 63 66 65 68 67 70 69 72 71 74 73 76 75 78 77 80 79 82 81 84 83 86 85 88 87 90 89 92 91 94 93 96 95 98 97 100 99 102 101 104 103 106 105 108 107 110 109 112 111 114 113 116 115 118 117 120 119 122 121 124 123 126 125 128 127 130 129 132 131 134 133 136 135 138 137 140 139 142 141 144 143 146 145 148 147 150 149 152 151 154 153 156 155 158 157 160 159 162 161 164 163 166 165 168 167 170 169 172 171 174 173 176 175 178 177 180 179 182 181 184 183 186 185 188 187 190 189 192 191 194 193 196 195 198 197 200 199 202 201 204 203 206 205 208 207 210 209 212 211 214 213 216 215 218 217 220 219 222 221 224 223 226 225 228 227 230 229 232 231 234 233 236 235 238 237 240 239 242 241 244 243 246 245 248 247 250 249 252 251 254 253 256 255 258 257 260 259 262 261 264 263 266 265 268 267 270 269 272 271 274 273 276 275 278 277 280 279 282 281 284 283 286 285 288 287 290 289 292 291 294 293 296 295 298 297 300 299 302 301 304 303 306 305 308 307 310 309 312 311 314 313 316 315 318 317 320 319 322 321 324 323 326 325 328 327 330 329 332 331 334 333 336 335 338 337 340 339 342 341 344 343 346 345 348 347 350 349 352 351 354 353 356 355 358 357 360 359 362 361 364 363 366 365 368 367 370 369 372 371 374 373 376 375 378 377 380 379 382 381 384 383 386 385 388 387 390 389 392 391 394 393 396 395 398 397 400 399 402 401 404 403 406 405 408 407 410 409 412 411 414 413 416 415 418 417 420 419 422 421 424 423 426 425 428 427 430 429 432 431 434 433 436 435 438 437 440 439 442 441 444 443 446 445 448 447 450 449 452 451 454 453 456 455 458 457 460 459 462 461 464 463 466 465 468 467 470 469 472 471 474 473 476 475 478 477 480 479 482 481 484 483 486 485 488 487 490 489 492 491 494 493 496 495 498 497 500 499 502 501 504 503 506 505 508 507 510 509 512 511 514 513 516 515 518 517 520 519 522 521 524 523 526 525 528 527 530 529 532 531 534 533 536 535 538 537 540 539 542 541 544 543 546 545 548 547 550 549 552 551 554 553 556 555 558 557 560 559 562 561 564 563 566 565 568 567 570 569 572 571 574 573 576 575 578 577 580 579 582 581 584 583 586 585 588 587 590 589 592 591 594 593 596 595 598 597 600 599 602 601 604 603 606 605 608 607 610 609 612 611 614 613 616 615 618 617 620 619 622 621 624 623 626 625 628 627 630 629 632 631 634 633 636 635 638 637 640 639 642 641 644 643 646 645 648 647 650 649 652 651 654 653 656 655 658 657 660 659 662 661 664 663 666 665 668 667 670 669 672 671 674 673 676 675 678 677 680 679 682 681 684 683 686 685 688 687 690 689 692 691 694 693 696 695 698 697 700 699 702 701 704 703 706 705 708 707 710 709 712 711 714 713 716 715 718 717 720 719 722 721 724 723 726 725 728 727 730 729 732 731 734 733 736 735 738 737 740 739 742 741 744 743 746 745 748 747 750 749 752 751 754 753 756 755 758 757 760 759 762 761 764 763 766 765 768 767 770 769 772 771 774 773 776 775 778 777 780 779 782 781 784 783 786 785 788 787 790 789 792 791 794 793 796 795 798 797 800 799 802 801 804 803 806 805 808 807 810 809 812 811 814 813 816 815 818 817 820 819 822 821 824 823 826 825 828 827 830 829 832 831 834 833 836 835 838 837 840 839 842 841 844 843 846 845 848 847 850 849 852 851 854 853 856 855 858 857 860 859 862 861 864 863 866 865 868 867 870 869 872 871 874 873 876 875 878 877 880 879 882 881 884 883 886 885 888 887 890 889 892 891 894 893 896 895 898 897 900 899 902 901 904 903 906 905 908 907 910 909 912 911 914 913 916 915 918 917 920 919 922 921 924 923 926 925 928 927 930 929 932 931 934 933 936 935 938 937 940 939 942 941 944 943 946 945 948 947 950 949 952 951 954 953 956 955 958 957 960 959 962 961 964 963 966 965 968 967 970 969 972 971 974 973 976 975 978 977 980 979 982 981 984 983 986 985 988 987 990 989 992 991 994 993 996 995 998 997 1000 999 2
