11
5 2
10 1 6 4 9
3 4
1 3 5
20 1
5192307 5192308 5192309 5192310 5192311 5192312 5192313 5192314 5192315 5192316 5192317 5192318 5192319 5192320 5192321 5192322 5192323 5192324 5192325 5192326
20 100000
606921138 982328139 278644137 857920534 296210723 794258699 985400364 796823777 794901656 827853057 854640385 667543684 982768949 642994184 972967587 416191227 369298107 228637575 757071133 48415568
20 20
20015 20007 20017 20014 20006 20008 20010 20011 20003 20002 20016 20012 20013 20019 20018 20004 20005 20001 20009 20000
20 9
20006 20000 20015 20005 20007 20019 20018 20014 20017 20013 20003 20002 20008 20001 20012 20009 20016 20004 20011 20010
20 3
200015 200012 200009 200010 200007 200006 200005 200001 200008 200019 200013 200017 200004 200003 200018 200002 200014 200011 200016 200000
20 4
20001000 20001600 20001100 20000600 20001300 20001200 20001800 20000800 20001700 20000400 20000300 20000000 20000100 20000900 20000200 20001500 20001900 20000500 20000700 20001400
19 9
104 105 8 108 2 107 109 5 9 101 103 6 100 3 106 7 4 102 1
20 8
106 4 110 6 5 109 104 8 2 7 105 107 10 3 102 101 9 1 108 103
20 2
106 109 110 3 108 10 104 7 2 9 1 5 105 8 102 6 4 101 107 103
