10
5
1 10
350 365
180 240
90 110
250 270
5
240
87
16
213
241
1
37 216
3
200
1
365
5
341 357
289 301
111 124
89 110
17 43
10
17
43
110
89
124
111
301
289
357
341
5
341 357
289 301
111 124
89 110
17 43
10
16
44
111
88
125
110
302
288
358
340
1
1 365
10
277
1
365
15
345
199
94
218
255
333
5
13 28
302 333
276 288
135 158
243 267
10
365
281
270
251
37
13
327
300
139
159
3
1 27
90 130
189 270
9
30
97
127
188
189
190
270
271
300
4
10 20
21 30
40 50
60 70
8
9
10
17
20
21
39
71
45
2
100 200
300 364
7
99
100
365
364
299
200
201
1
157 157
3
157
156
158
