16
2
3
0 100 1 100 0 -100
3
-100 -100 100 -99 100 -100
2
8
-3 4 -1 4 1 2 1 0 -1 -2 -3 -2 -5 0 -5 2
4
-4 -3 2 3 2 0 0 -3
2
8
-3 4 -1 4 1 2 1 0 -1 -2 -3 -2 -5 0 -5 2
4
-5 -1 0 4 2 3 -4 -3
5
3
0 0 0 2 2 0
4
0 -2 2 2 4 0 2 -2
3
4 4 5 5 3 2
3
7 2 7 3 8 2
3
10 8 10 7 0 8
4
3
0 0 0 2 2 0
3
3 0 5 3 7 0
3
10 0 11 2 13 0
3
7 2 7 3 8 2
2
4
-1 2 1 2 1 -2 -1 -2
4
-2 1 2 1 2 -1 -2 -1
2
6
-15 -18 -15 -16 -15 -14 -14 -15 -14 -16 -14 -17
5
-13 -15 -12 -15 -12 -18 -13 -18 -13 -17
2
3
8 -2 10 -2 17 -10
3
10 -5 12 -6 10 -6
2
4
14 50 18 50 18 48 14 48
3
16 47 16 44 12 50
2
4
10 70 50 70 50 30 10 30
4
30 60 70 60 70 50 30 50
2
4
-38 31 -37 31 -37 30 -38 30
4
-36 31 -35 31 -35 30 -36 30
2
4
60 -50 60 -40 70 -40 70 -50
4
60 -70 60 -60 70 -60 70 -70
2
3
-215 -60 -210 -70 -220 -70
3
-214 -60 -204 -60 -209 -70
2
4
-13 10 -6 10 -6 -10 -14 -10
4
5 -3 -5 -2 -5 2 5 2
2
6
-2 -2 -4 -1 -4 0 -3 2 -2 2 0 0
6
1 0 2 2 3 2 4 0 3 -2 2 -2
2
3
-23 21 -22 18 -24 18
3
-23 21 -22 18 -23 16
