15
2
52
-52
20
84
12
92
27
81
10
47
36
26
19
-19
-26
-36
-47
-10
-81
-27
-92
-12
-84
20
62
54
8
5
90
20
85
86
45
65
-62
-54
-8
-5
-90
-20
-85
-86
-45
-65
20
99
51
4
19
60
74
43
23
17
49
-60
-19
-99
-43
-4
-23
-51
-49
-17
-74
20
29
12
-29
92
-12
26
56
42
73
78
-42
-56
25
97
-25
-92
-97
-73
-26
-78
20
12
84
80
42
93
10
45
57
46
6
-84
-6
-42
-93
-57
-45
-46
-10
-12
-80
4
75
87
-75
-87
2
77
-77
6
69
93
91
-93
-91
-69
4
72
-72
50
-50
2
80
-80
4
18
73
-18
-73
6
78
34
-78
-34
3
-3
2
34
-34
10
34
80
13
82
62
-13
-82
-80
-62
-34
