10
3
0 0 0 2
5 4 0 1
5 0 0 3
9
0 0 0 50
0 100 0 50
100 0 0 50
100 100 0 50
200 0 0 50
200 100 0 50
200 200 0 50
100 200 0 50
0 200 0 50
3
0 0 0 3
4 0 0 1
4 3 0 2
1
0 0 0 1000
5000
0 0 0 5
0 10 0 5
0 20 0 5
0 30 0 5
0 40 0 5
0 50 0 5
0 60 0 5
0 70 0 5
0 80 0 5
0 90 0 5
0 100 0 5
0 110 0 5
0 120 0 5
0 130 0 5
0 140 0 5
0 150 0 5
0 160 0 5
0 170 0 5
0 180 0 5
0 190 0 5
0 200 0 5
0 210 0 5
0 220 0 5
0 230 0 5
0 240 0 5
0 250 0 5
0 260 0 5
0 270 0 5
0 280 0 5
0 290 0 5
0 300 0 5
0 310 0 5
0 320 0 5
0 330 0 5
0 340 0 5
0 350 0 5
0 360 0 5
0 370 0 5
0 380 0 5
0 390 0 5
0 400 0 5
0 410 0 5
0 420 0 5
0 430 0 5
0 440 0 5
0 450 0 5
0 460 0 5
0 470 0 5
0 480 0 5
0 490 0 5
0 500 0 5
0 510 0 5
0 520 0 5
0 530 0 5
0 540 0 5
0 550 0 5
0 560 0 5
0 570 0 5
0 580 0 5
0 590 0 5
0 600 0 5
0 610 0 5
0 620 0 5
0 630 0 5
0 640 0 5
0 650 0 5
0 660 0 5
0 670 0 5
0 680 0 5
0 690 0 5
0 700 0 5
0 710 0 5
0 720 0 5
0 730 0 5
0 740 0 5
0 750 0 5
0 760 0 5
0 770 0 5
0 780 0 5
0 790 0 5
0 800 0 5
0 810 0 5
0 820 0 5
0 830 0 5
0 840 0 5
0 850 0 5
0 860 0 5
0 870 0 5
0 880 0 5
0 890 0 5
0 900 0 5
0 910 0 5
0 920 0 5
0 930 0 5
0 940 0 5
0 950 0 5
0 960 0 5
0 970 0 5
0 980 0 5
0 990 0 5
10 0 0 5
10 10 0 5
10 20 0 5
10 30 0 5
10 40 0 5
10 50 0 5
10 60 0 5
10 70 0 5
10 80 0 5
10 90 0 5
10 100 0 5
10 110 0 5
10 120 0 5
10 130 0 5
10 140 0 5
10 150 0 5
10 160 0 5
10 170 0 5
10 180 0 5
10 190 0 5
10 200 0 5
10 210 0 5
10 220 0 5
10 230 0 5
10 240 0 5
10 250 0 5
10 260 0 5
10 270 0 5
10 280 0 5
10 290 0 5
10 300 0 5
10 310 0 5
10 320 0 5
10 330 0 5
10 340 0 5
10 350 0 5
10 360 0 5
10 370 0 5
10 380 0 5
10 390 0 5
10 400 0 5
10 410 0 5
10 420 0 5
10 430 0 5
10 440 0 5
10 450 0 5
10 460 0 5
10 470 0 5
10 480 0 5
10 490 0 5
10 500 0 5
10 510 0 5
10 520 0 5
10 530 0 5
10 540 0 5
10 550 0 5
10 560 0 5
10 570 0 5
10 580 0 5
10 590 0 5
10 600 0 5
10 610 0 5
10 620 0 5
10 630 0 5
10 640 0 5
10 650 0 5
10 660 0 5
10 670 0 5
10 680 0 5
10 690 0 5
10 700 0 5
10 710 0 5
10 720 0 5
10 730 0 5
10 740 0 5
10 750 0 5
10 760 0 5
10 770 0 5
10 780 0 5
10 790 0 5
10 800 0 5
10 810 0 5
10 820 0 5
10 830 0 5
10 840 0 5
10 850 0 5
10 860 0 5
10 870 0 5
10 880 0 5
10 890 0 5
10 900 0 5
10 910 0 5
10 920 0 5
10 930 0 5
10 940 0 5
10 950 0 5
10 960 0 5
10 970 0 5
10 980 0 5
10 990 0 5
20 0 0 5
20 10 0 5
20 20 0 5
20 30 0 5
20 40 0 5
20 50 0 5
20 60 0 5
20 70 0 5
20 80 0 5
20 90 0 5
20 100 0 5
20 110 0 5
20 120 0 5
20 130 0 5
20 140 0 5
20 150 0 5
20 160 0 5
20 170 0 5
20 180 0 5
20 190 0 5
20 200 0 5
20 210 0 5
20 220 0 5
20 230 0 5
20 240 0 5
20 250 0 5
20 260 0 5
20 270 0 5
20 280 0 5
20 290 0 5
20 300 0 5
20 310 0 5
20 320 0 5
20 330 0 5
20 340 0 5
20 350 0 5
20 360 0 5
20 370 0 5
20 380 0 5
20 390 0 5
20 400 0 5
20 410 0 5
20 420 0 5
20 430 0 5
20 440 0 5
20 450 0 5
20 460 0 5
20 470 0 5
20 480 0 5
20 490 0 5
20 500 0 5
20 510 0 5
20 520 0 5
20 530 0 5
20 540 0 5
20 550 0 5
20 560 0 5
20 570 0 5
20 580 0 5
20 590 0 5
20 600 0 5
20 610 0 5
20 620 0 5
20 630 0 5
20 640 0 5
20 650 0 5
20 660 0 5
20 670 0 5
20 680 0 5
20 690 0 5
20 700 0 5
20 710 0 5
20 720 0 5
20 730 0 5
20 740 0 5
20 750 0 5
20 760 0 5
20 770 0 5
20 780 0 5
20 790 0 5
20 800 0 5
20 810 0 5
20 820 0 5
20 830 0 5
20 840 0 5
20 850 0 5
20 860 0 5
20 870 0 5
20 880 0 5
20 890 0 5
20 900 0 5
20 910 0 5
20 920 0 5
20 930 0 5
20 940 0 5
20 950 0 5
20 960 0 5
20 970 0 5
20 980 0 5
20 990 0 5
30 0 0 5
30 10 0 5
30 20 0 5
30 30 0 5
30 40 0 5
30 50 0 5
30 60 0 5
30 70 0 5
30 80 0 5
30 90 0 5
30 100 0 5
30 110 0 5
30 120 0 5
30 130 0 5
30 140 0 5
30 150 0 5
30 160 0 5
30 170 0 5
30 180 0 5
30 190 0 5
30 200 0 5
30 210 0 5
30 220 0 5
30 230 0 5
30 240 0 5
30 250 0 5
30 260 0 5
30 270 0 5
30 280 0 5
30 290 0 5
30 300 0 5
30 310 0 5
30 320 0 5
30 330 0 5
30 340 0 5
30 350 0 5
30 360 0 5
30 370 0 5
30 380 0 5
30 390 0 5
30 400 0 5
30 410 0 5
30 420 0 5
30 430 0 5
30 440 0 5
30 450 0 5
30 460 0 5
30 470 0 5
30 480 0 5
30 490 0 5
30 500 0 5
30 510 0 5
30 520 0 5
30 530 0 5
30 540 0 5
30 550 0 5
30 560 0 5
30 570 0 5
30 580 0 5
30 590 0 5
30 600 0 5
30 610 0 5
30 620 0 5
30 630 0 5
30 640 0 5
30 650 0 5
30 660 0 5
30 670 0 5
30 680 0 5
30 690 0 5
30 700 0 5
30 710 0 5
30 720 0 5
30 730 0 5
30 740 0 5
30 750 0 5
30 760 0 5
30 770 0 5
30 780 0 5
30 790 0 5
30 800 0 5
30 810 0 5
30 820 0 5
30 830 0 5
30 840 0 5
30 850 0 5
30 860 0 5
30 870 0 5
30 880 0 5
30 890 0 5
30 900 0 5
30 910 0 5
30 920 0 5
30 930 0 5
30 940 0 5
30 950 0 5
30 960 0 5
30 970 0 5
30 980 0 5
30 990 0 5
40 0 0 5
40 10 0 5
40 20 0 5
40 30 0 5
40 40 0 5
40 50 0 5
40 60 0 5
40 70 0 5
40 80 0 5
40 90 0 5
40 100 0 5
40 110 0 5
40 120 0 5
40 130 0 5
40 140 0 5
40 150 0 5
40 160 0 5
40 170 0 5
40 180 0 5
40 190 0 5
40 200 0 5
40 210 0 5
40 220 0 5
40 230 0 5
40 240 0 5
40 250 0 5
40 260 0 5
40 270 0 5
40 280 0 5
40 290 0 5
40 300 0 5
40 310 0 5
40 320 0 5
40 330 0 5
40 340 0 5
40 350 0 5
40 360 0 5
40 370 0 5
40 380 0 5
40 390 0 5
40 400 0 5
40 410 0 5
40 420 0 5
40 430 0 5
40 440 0 5
40 450 0 5
40 460 0 5
40 470 0 5
40 480 0 5
40 490 0 5
40 500 0 5
40 510 0 5
40 520 0 5
40 530 0 5
40 540 0 5
40 550 0 5
40 560 0 5
40 570 0 5
40 580 0 5
40 590 0 5
40 600 0 5
40 610 0 5
40 620 0 5
40 630 0 5
40 640 0 5
40 650 0 5
40 660 0 5
40 670 0 5
40 680 0 5
40 690 0 5
40 700 0 5
40 710 0 5
40 720 0 5
40 730 0 5
40 740 0 5
40 750 0 5
40 760 0 5
40 770 0 5
40 780 0 5
40 790 0 5
40 800 0 5
40 810 0 5
40 820 0 5
40 830 0 5
40 840 0 5
40 850 0 5
40 860 0 5
40 870 0 5
40 880 0 5
40 890 0 5
40 900 0 5
40 910 0 5
40 920 0 5
40 930 0 5
40 940 0 5
40 950 0 5
40 960 0 5
40 970 0 5
40 980 0 5
40 990 0 5
50 0 0 5
50 10 0 5
50 20 0 5
50 30 0 5
50 40 0 5
50 50 0 5
50 60 0 5
50 70 0 5
50 80 0 5
50 90 0 5
50 100 0 5
50 110 0 5
50 120 0 5
50 130 0 5
50 140 0 5
50 150 0 5
50 160 0 5
50 170 0 5
50 180 0 5
50 190 0 5
50 200 0 5
50 210 0 5
50 220 0 5
50 230 0 5
50 240 0 5
50 250 0 5
50 260 0 5
50 270 0 5
50 280 0 5
50 290 0 5
50 300 0 5
50 310 0 5
50 320 0 5
50 330 0 5
50 340 0 5
50 350 0 5
50 360 0 5
50 370 0 5
50 380 0 5
50 390 0 5
50 400 0 5
50 410 0 5
50 420 0 5
50 430 0 5
50 440 0 5
50 450 0 5
50 460 0 5
50 470 0 5
50 480 0 5
50 490 0 5
50 500 0 5
50 510 0 5
50 520 0 5
50 530 0 5
50 540 0 5
50 550 0 5
50 560 0 5
50 570 0 5
50 580 0 5
50 590 0 5
50 600 0 5
50 610 0 5
50 620 0 5
50 630 0 5
50 640 0 5
50 650 0 5
50 660 0 5
50 670 0 5
50 680 0 5
50 690 0 5
50 700 0 5
50 710 0 5
50 720 0 5
50 730 0 5
50 740 0 5
50 750 0 5
50 760 0 5
50 770 0 5
50 780 0 5
50 790 0 5
50 800 0 5
50 810 0 5
50 820 0 5
50 830 0 5
50 840 0 5
50 850 0 5
50 860 0 5
50 870 0 5
50 880 0 5
50 890 0 5
50 900 0 5
50 910 0 5
50 920 0 5
50 930 0 5
50 940 0 5
50 950 0 5
50 960 0 5
50 970 0 5
50 980 0 5
50 990 0 5
60 0 0 5
60 10 0 5
60 20 0 5
60 30 0 5
60 40 0 5
60 50 0 5
60 60 0 5
60 70 0 5
60 80 0 5
60 90 0 5
60 100 0 5
60 110 0 5
60 120 0 5
60 130 0 5
60 140 0 5
60 150 0 5
60 160 0 5
60 170 0 5
60 180 0 5
60 190 0 5
60 200 0 5
60 210 0 5
60 220 0 5
60 230 0 5
60 240 0 5
60 250 0 5
60 260 0 5
60 270 0 5
60 280 0 5
60 290 0 5
60 300 0 5
60 310 0 5
60 320 0 5
60 330 0 5
60 340 0 5
60 350 0 5
60 360 0 5
60 370 0 5
60 380 0 5
60 390 0 5
60 400 0 5
60 410 0 5
60 420 0 5
60 430 0 5
60 440 0 5
60 450 0 5
60 460 0 5
60 470 0 5
60 480 0 5
60 490 0 5
60 500 0 5
60 510 0 5
60 520 0 5
60 530 0 5
60 540 0 5
60 550 0 5
60 560 0 5
60 570 0 5
60 580 0 5
60 590 0 5
60 600 0 5
60 610 0 5
60 620 0 5
60 630 0 5
60 640 0 5
60 650 0 5
60 660 0 5
60 670 0 5
60 680 0 5
60 690 0 5
60 700 0 5
60 710 0 5
60 720 0 5
60 730 0 5
60 740 0 5
60 750 0 5
60 760 0 5
60 770 0 5
60 780 0 5
60 790 0 5
60 800 0 5
60 810 0 5
60 820 0 5
60 830 0 5
60 840 0 5
60 850 0 5
60 860 0 5
60 870 0 5
60 880 0 5
60 890 0 5
60 900 0 5
60 910 0 5
60 920 0 5
60 930 0 5
60 940 0 5
60 950 0 5
60 960 0 5
60 970 0 5
60 980 0 5
60 990 0 5
70 0 0 5
70 10 0 5
70 20 0 5
70 30 0 5
70 40 0 5
70 50 0 5
70 60 0 5
70 70 0 5
70 80 0 5
70 90 0 5
70 100 0 5
70 110 0 5
70 120 0 5
70 130 0 5
70 140 0 5
70 150 0 5
70 160 0 5
70 170 0 5
70 180 0 5
70 190 0 5
70 200 0 5
70 210 0 5
70 220 0 5
70 230 0 5
70 240 0 5
70 250 0 5
70 260 0 5
70 270 0 5
70 280 0 5
70 290 0 5
70 300 0 5
70 310 0 5
70 320 0 5
70 330 0 5
70 340 0 5
70 350 0 5
70 360 0 5
70 370 0 5
70 380 0 5
70 390 0 5
70 400 0 5
70 410 0 5
70 420 0 5
70 430 0 5
70 440 0 5
70 450 0 5
70 460 0 5
70 470 0 5
70 480 0 5
70 490 0 5
70 500 0 5
70 510 0 5
70 520 0 5
70 530 0 5
70 540 0 5
70 550 0 5
70 560 0 5
70 570 0 5
70 580 0 5
70 590 0 5
70 600 0 5
70 610 0 5
70 620 0 5
70 630 0 5
70 640 0 5
70 650 0 5
70 660 0 5
70 670 0 5
70 680 0 5
70 690 0 5
70 700 0 5
70 710 0 5
70 720 0 5
70 730 0 5
70 740 0 5
70 750 0 5
70 760 0 5
70 770 0 5
70 780 0 5
70 790 0 5
70 800 0 5
70 810 0 5
70 820 0 5
70 830 0 5
70 840 0 5
70 850 0 5
70 860 0 5
70 870 0 5
70 880 0 5
70 890 0 5
70 900 0 5
70 910 0 5
70 920 0 5
70 930 0 5
70 940 0 5
70 950 0 5
70 960 0 5
70 970 0 5
70 980 0 5
70 990 0 5
80 0 0 5
80 10 0 5
80 20 0 5
80 30 0 5
80 40 0 5
80 50 0 5
80 60 0 5
80 70 0 5
80 80 0 5
80 90 0 5
80 100 0 5
80 110 0 5
80 120 0 5
80 130 0 5
80 140 0 5
80 150 0 5
80 160 0 5
80 170 0 5
80 180 0 5
80 190 0 5
80 200 0 5
80 210 0 5
80 220 0 5
80 230 0 5
80 240 0 5
80 250 0 5
80 260 0 5
80 270 0 5
80 280 0 5
80 290 0 5
80 300 0 5
80 310 0 5
80 320 0 5
80 330 0 5
80 340 0 5
80 350 0 5
80 360 0 5
80 370 0 5
80 380 0 5
80 390 0 5
80 400 0 5
80 410 0 5
80 420 0 5
80 430 0 5
80 440 0 5
80 450 0 5
80 460 0 5
80 470 0 5
80 480 0 5
80 490 0 5
80 500 0 5
80 510 0 5
80 520 0 5
80 530 0 5
80 540 0 5
80 550 0 5
80 560 0 5
80 570 0 5
80 580 0 5
80 590 0 5
80 600 0 5
80 610 0 5
80 620 0 5
80 630 0 5
80 640 0 5
80 650 0 5
80 660 0 5
80 670 0 5
80 680 0 5
80 690 0 5
80 700 0 5
80 710 0 5
80 720 0 5
80 730 0 5
80 740 0 5
80 750 0 5
80 760 0 5
80 770 0 5
80 780 0 5
80 790 0 5
80 800 0 5
80 810 0 5
80 820 0 5
80 830 0 5
80 840 0 5
80 850 0 5
80 860 0 5
80 870 0 5
80 880 0 5
80 890 0 5
80 900 0 5
80 910 0 5
80 920 0 5
80 930 0 5
80 940 0 5
80 950 0 5
80 960 0 5
80 970 0 5
80 980 0 5
80 990 0 5
90 0 0 5
90 10 0 5
90 20 0 5
90 30 0 5
90 40 0 5
90 50 0 5
90 60 0 5
90 70 0 5
90 80 0 5
90 90 0 5
90 100 0 5
90 110 0 5
90 120 0 5
90 130 0 5
90 140 0 5
90 150 0 5
90 160 0 5
90 170 0 5
90 180 0 5
90 190 0 5
90 200 0 5
90 210 0 5
90 220 0 5
90 230 0 5
90 240 0 5
90 250 0 5
90 260 0 5
90 270 0 5
90 280 0 5
90 290 0 5
90 300 0 5
90 310 0 5
90 320 0 5
90 330 0 5
90 340 0 5
90 350 0 5
90 360 0 5
90 370 0 5
90 380 0 5
90 390 0 5
90 400 0 5
90 410 0 5
90 420 0 5
90 430 0 5
90 440 0 5
90 450 0 5
90 460 0 5
90 470 0 5
90 480 0 5
90 490 0 5
90 500 0 5
90 510 0 5
90 520 0 5
90 530 0 5
90 540 0 5
90 550 0 5
90 560 0 5
90 570 0 5
90 580 0 5
90 590 0 5
90 600 0 5
90 610 0 5
90 620 0 5
90 630 0 5
90 640 0 5
90 650 0 5
90 660 0 5
90 670 0 5
90 680 0 5
90 690 0 5
90 700 0 5
90 710 0 5
90 720 0 5
90 730 0 5
90 740 0 5
90 750 0 5
90 760 0 5
90 770 0 5
90 780 0 5
90 790 0 5
90 800 0 5
90 810 0 5
90 820 0 5
90 830 0 5
90 840 0 5
90 850 0 5
90 860 0 5
90 870 0 5
90 880 0 5
90 890 0 5
90 900 0 5
90 910 0 5
90 920 0 5
90 930 0 5
90 940 0 5
90 950 0 5
90 960 0 5
90 970 0 5
90 980 0 5
90 990 0 5
100 0 0 5
100 10 0 5
100 20 0 5
100 30 0 5
100 40 0 5
100 50 0 5
100 60 0 5
100 70 0 5
100 80 0 5
100 90 0 5
100 100 0 5
100 110 0 5
100 120 0 5
100 130 0 5
100 140 0 5
100 150 0 5
100 160 0 5
100 170 0 5
100 180 0 5
100 190 0 5
100 200 0 5
100 210 0 5
100 220 0 5
100 230 0 5
100 240 0 5
100 250 0 5
100 260 0 5
100 270 0 5
100 280 0 5
100 290 0 5
100 300 0 5
100 310 0 5
100 320 0 5
100 330 0 5
100 340 0 5
100 350 0 5
100 360 0 5
100 370 0 5
100 380 0 5
100 390 0 5
100 400 0 5
100 410 0 5
100 420 0 5
100 430 0 5
100 440 0 5
100 450 0 5
100 460 0 5
100 470 0 5
100 480 0 5
100 490 0 5
100 500 0 5
100 510 0 5
100 520 0 5
100 530 0 5
100 540 0 5
100 550 0 5
100 560 0 5
100 570 0 5
100 580 0 5
100 590 0 5
100 600 0 5
100 610 0 5
100 620 0 5
100 630 0 5
100 640 0 5
100 650 0 5
100 660 0 5
100 670 0 5
100 680 0 5
100 690 0 5
100 700 0 5
100 710 0 5
100 720 0 5
100 730 0 5
100 740 0 5
100 750 0 5
100 760 0 5
100 770 0 5
100 780 0 5
100 790 0 5
100 800 0 5
100 810 0 5
100 820 0 5
100 830 0 5
100 840 0 5
100 850 0 5
100 860 0 5
100 870 0 5
100 880 0 5
100 890 0 5
100 900 0 5
100 910 0 5
100 920 0 5
100 930 0 5
100 940 0 5
100 950 0 5
100 960 0 5
100 970 0 5
100 980 0 5
100 990 0 5
110 0 0 5
110 10 0 5
110 20 0 5
110 30 0 5
110 40 0 5
110 50 0 5
110 60 0 5
110 70 0 5
110 80 0 5
110 90 0 5
110 100 0 5
110 110 0 5
110 120 0 5
110 130 0 5
110 140 0 5
110 150 0 5
110 160 0 5
110 170 0 5
110 180 0 5
110 190 0 5
110 200 0 5
110 210 0 5
110 220 0 5
110 230 0 5
110 240 0 5
110 250 0 5
110 260 0 5
110 270 0 5
110 280 0 5
110 290 0 5
110 300 0 5
110 310 0 5
110 320 0 5
110 330 0 5
110 340 0 5
110 350 0 5
110 360 0 5
110 370 0 5
110 380 0 5
110 390 0 5
110 400 0 5
110 410 0 5
110 420 0 5
110 430 0 5
110 440 0 5
110 450 0 5
110 460 0 5
110 470 0 5
110 480 0 5
110 490 0 5
110 500 0 5
110 510 0 5
110 520 0 5
110 530 0 5
110 540 0 5
110 550 0 5
110 560 0 5
110 570 0 5
110 580 0 5
110 590 0 5
110 600 0 5
110 610 0 5
110 620 0 5
110 630 0 5
110 640 0 5
110 650 0 5
110 660 0 5
110 670 0 5
110 680 0 5
110 690 0 5
110 700 0 5
110 710 0 5
110 720 0 5
110 730 0 5
110 740 0 5
110 750 0 5
110 760 0 5
110 770 0 5
110 780 0 5
110 790 0 5
110 800 0 5
110 810 0 5
110 820 0 5
110 830 0 5
110 840 0 5
110 850 0 5
110 860 0 5
110 870 0 5
110 880 0 5
110 890 0 5
110 900 0 5
110 910 0 5
110 920 0 5
110 930 0 5
110 940 0 5
110 950 0 5
110 960 0 5
110 970 0 5
110 980 0 5
110 990 0 5
120 0 0 5
120 10 0 5
120 20 0 5
120 30 0 5
120 40 0 5
120 50 0 5
120 60 0 5
120 70 0 5
120 80 0 5
120 90 0 5
120 100 0 5
120 110 0 5
120 120 0 5
120 130 0 5
120 140 0 5
120 150 0 5
120 160 0 5
120 170 0 5
120 180 0 5
120 190 0 5
120 200 0 5
120 210 0 5
120 220 0 5
120 230 0 5
120 240 0 5
120 250 0 5
120 260 0 5
120 270 0 5
120 280 0 5
120 290 0 5
120 300 0 5
120 310 0 5
120 320 0 5
120 330 0 5
120 340 0 5
120 350 0 5
120 360 0 5
120 370 0 5
120 380 0 5
120 390 0 5
120 400 0 5
120 410 0 5
120 420 0 5
120 430 0 5
120 440 0 5
120 450 0 5
120 460 0 5
120 470 0 5
120 480 0 5
120 490 0 5
120 500 0 5
120 510 0 5
120 520 0 5
120 530 0 5
120 540 0 5
120 550 0 5
120 560 0 5
120 570 0 5
120 580 0 5
120 590 0 5
120 600 0 5
120 610 0 5
120 620 0 5
120 630 0 5
120 640 0 5
120 650 0 5
120 660 0 5
120 670 0 5
120 680 0 5
120 690 0 5
120 700 0 5
120 710 0 5
120 720 0 5
120 730 0 5
120 740 0 5
120 750 0 5
120 760 0 5
120 770 0 5
120 780 0 5
120 790 0 5
120 800 0 5
120 810 0 5
120 820 0 5
120 830 0 5
120 840 0 5
120 850 0 5
120 860 0 5
120 870 0 5
120 880 0 5
120 890 0 5
120 900 0 5
120 910 0 5
120 920 0 5
120 930 0 5
120 940 0 5
120 950 0 5
120 960 0 5
120 970 0 5
120 980 0 5
120 990 0 5
130 0 0 5
130 10 0 5
130 20 0 5
130 30 0 5
130 40 0 5
130 50 0 5
130 60 0 5
130 70 0 5
130 80 0 5
130 90 0 5
130 100 0 5
130 110 0 5
130 120 0 5
130 130 0 5
130 140 0 5
130 150 0 5
130 160 0 5
130 170 0 5
130 180 0 5
130 190 0 5
130 200 0 5
130 210 0 5
130 220 0 5
130 230 0 5
130 240 0 5
130 250 0 5
130 260 0 5
130 270 0 5
130 280 0 5
130 290 0 5
130 300 0 5
130 310 0 5
130 320 0 5
130 330 0 5
130 340 0 5
130 350 0 5
130 360 0 5
130 370 0 5
130 380 0 5
130 390 0 5
130 400 0 5
130 410 0 5
130 420 0 5
130 430 0 5
130 440 0 5
130 450 0 5
130 460 0 5
130 470 0 5
130 480 0 5
130 490 0 5
130 500 0 5
130 510 0 5
130 520 0 5
130 530 0 5
130 540 0 5
130 550 0 5
130 560 0 5
130 570 0 5
130 580 0 5
130 590 0 5
130 600 0 5
130 610 0 5
130 620 0 5
130 630 0 5
130 640 0 5
130 650 0 5
130 660 0 5
130 670 0 5
130 680 0 5
130 690 0 5
130 700 0 5
130 710 0 5
130 720 0 5
130 730 0 5
130 740 0 5
130 750 0 5
130 760 0 5
130 770 0 5
130 780 0 5
130 790 0 5
130 800 0 5
130 810 0 5
130 820 0 5
130 830 0 5
130 840 0 5
130 850 0 5
130 860 0 5
130 870 0 5
130 880 0 5
130 890 0 5
130 900 0 5
130 910 0 5
130 920 0 5
130 930 0 5
130 940 0 5
130 950 0 5
130 960 0 5
130 970 0 5
130 980 0 5
130 990 0 5
140 0 0 5
140 10 0 5
140 20 0 5
140 30 0 5
140 40 0 5
140 50 0 5
140 60 0 5
140 70 0 5
140 80 0 5
140 90 0 5
140 100 0 5
140 110 0 5
140 120 0 5
140 130 0 5
140 140 0 5
140 150 0 5
140 160 0 5
140 170 0 5
140 180 0 5
140 190 0 5
140 200 0 5
140 210 0 5
140 220 0 5
140 230 0 5
140 240 0 5
140 250 0 5
140 260 0 5
140 270 0 5
140 280 0 5
140 290 0 5
140 300 0 5
140 310 0 5
140 320 0 5
140 330 0 5
140 340 0 5
140 350 0 5
140 360 0 5
140 370 0 5
140 380 0 5
140 390 0 5
140 400 0 5
140 410 0 5
140 420 0 5
140 430 0 5
140 440 0 5
140 450 0 5
140 460 0 5
140 470 0 5
140 480 0 5
140 490 0 5
140 500 0 5
140 510 0 5
140 520 0 5
140 530 0 5
140 540 0 5
140 550 0 5
140 560 0 5
140 570 0 5
140 580 0 5
140 590 0 5
140 600 0 5
140 610 0 5
140 620 0 5
140 630 0 5
140 640 0 5
140 650 0 5
140 660 0 5
140 670 0 5
140 680 0 5
140 690 0 5
140 700 0 5
140 710 0 5
140 720 0 5
140 730 0 5
140 740 0 5
140 750 0 5
140 760 0 5
140 770 0 5
140 780 0 5
140 790 0 5
140 800 0 5
140 810 0 5
140 820 0 5
140 830 0 5
140 840 0 5
140 850 0 5
140 860 0 5
140 870 0 5
140 880 0 5
140 890 0 5
140 900 0 5
140 910 0 5
140 920 0 5
140 930 0 5
140 940 0 5
140 950 0 5
140 960 0 5
140 970 0 5
140 980 0 5
140 990 0 5
150 0 0 5
150 10 0 5
150 20 0 5
150 30 0 5
150 40 0 5
150 50 0 5
150 60 0 5
150 70 0 5
150 80 0 5
150 90 0 5
150 100 0 5
150 110 0 5
150 120 0 5
150 130 0 5
150 140 0 5
150 150 0 5
150 160 0 5
150 170 0 5
150 180 0 5
150 190 0 5
150 200 0 5
150 210 0 5
150 220 0 5
150 230 0 5
150 240 0 5
150 250 0 5
150 260 0 5
150 270 0 5
150 280 0 5
150 290 0 5
150 300 0 5
150 310 0 5
150 320 0 5
150 330 0 5
150 340 0 5
150 350 0 5
150 360 0 5
150 370 0 5
150 380 0 5
150 390 0 5
150 400 0 5
150 410 0 5
150 420 0 5
150 430 0 5
150 440 0 5
150 450 0 5
150 460 0 5
150 470 0 5
150 480 0 5
150 490 0 5
150 500 0 5
150 510 0 5
150 520 0 5
150 530 0 5
150 540 0 5
150 550 0 5
150 560 0 5
150 570 0 5
150 580 0 5
150 590 0 5
150 600 0 5
150 610 0 5
150 620 0 5
150 630 0 5
150 640 0 5
150 650 0 5
150 660 0 5
150 670 0 5
150 680 0 5
150 690 0 5
150 700 0 5
150 710 0 5
150 720 0 5
150 730 0 5
150 740 0 5
150 750 0 5
150 760 0 5
150 770 0 5
150 780 0 5
150 790 0 5
150 800 0 5
150 810 0 5
150 820 0 5
150 830 0 5
150 840 0 5
150 850 0 5
150 860 0 5
150 870 0 5
150 880 0 5
150 890 0 5
150 900 0 5
150 910 0 5
150 920 0 5
150 930 0 5
150 940 0 5
150 950 0 5
150 960 0 5
150 970 0 5
150 980 0 5
150 990 0 5
160 0 0 5
160 10 0 5
160 20 0 5
160 30 0 5
160 40 0 5
160 50 0 5
160 60 0 5
160 70 0 5
160 80 0 5
160 90 0 5
160 100 0 5
160 110 0 5
160 120 0 5
160 130 0 5
160 140 0 5
160 150 0 5
160 160 0 5
160 170 0 5
160 180 0 5
160 190 0 5
160 200 0 5
160 210 0 5
160 220 0 5
160 230 0 5
160 240 0 5
160 250 0 5
160 260 0 5
160 270 0 5
160 280 0 5
160 290 0 5
160 300 0 5
160 310 0 5
160 320 0 5
160 330 0 5
160 340 0 5
160 350 0 5
160 360 0 5
160 370 0 5
160 380 0 5
160 390 0 5
160 400 0 5
160 410 0 5
160 420 0 5
160 430 0 5
160 440 0 5
160 450 0 5
160 460 0 5
160 470 0 5
160 480 0 5
160 490 0 5
160 500 0 5
160 510 0 5
160 520 0 5
160 530 0 5
160 540 0 5
160 550 0 5
160 560 0 5
160 570 0 5
160 580 0 5
160 590 0 5
160 600 0 5
160 610 0 5
160 620 0 5
160 630 0 5
160 640 0 5
160 650 0 5
160 660 0 5
160 670 0 5
160 680 0 5
160 690 0 5
160 700 0 5
160 710 0 5
160 720 0 5
160 730 0 5
160 740 0 5
160 750 0 5
160 760 0 5
160 770 0 5
160 780 0 5
160 790 0 5
160 800 0 5
160 810 0 5
160 820 0 5
160 830 0 5
160 840 0 5
160 850 0 5
160 860 0 5
160 870 0 5
160 880 0 5
160 890 0 5
160 900 0 5
160 910 0 5
160 920 0 5
160 930 0 5
160 940 0 5
160 950 0 5
160 960 0 5
160 970 0 5
160 980 0 5
160 990 0 5
170 0 0 5
170 10 0 5
170 20 0 5
170 30 0 5
170 40 0 5
170 50 0 5
170 60 0 5
170 70 0 5
170 80 0 5
170 90 0 5
170 100 0 5
170 110 0 5
170 120 0 5
170 130 0 5
170 140 0 5
170 150 0 5
170 160 0 5
170 170 0 5
170 180 0 5
170 190 0 5
170 200 0 5
170 210 0 5
170 220 0 5
170 230 0 5
170 240 0 5
170 250 0 5
170 260 0 5
170 270 0 5
170 280 0 5
170 290 0 5
170 300 0 5
170 310 0 5
170 320 0 5
170 330 0 5
170 340 0 5
170 350 0 5
170 360 0 5
170 370 0 5
170 380 0 5
170 390 0 5
170 400 0 5
170 410 0 5
170 420 0 5
170 430 0 5
170 440 0 5
170 450 0 5
170 460 0 5
170 470 0 5
170 480 0 5
170 490 0 5
170 500 0 5
170 510 0 5
170 520 0 5
170 530 0 5
170 540 0 5
170 550 0 5
170 560 0 5
170 570 0 5
170 580 0 5
170 590 0 5
170 600 0 5
170 610 0 5
170 620 0 5
170 630 0 5
170 640 0 5
170 650 0 5
170 660 0 5
170 670 0 5
170 680 0 5
170 690 0 5
170 700 0 5
170 710 0 5
170 720 0 5
170 730 0 5
170 740 0 5
170 750 0 5
170 760 0 5
170 770 0 5
170 780 0 5
170 790 0 5
170 800 0 5
170 810 0 5
170 820 0 5
170 830 0 5
170 840 0 5
170 850 0 5
170 860 0 5
170 870 0 5
170 880 0 5
170 890 0 5
170 900 0 5
170 910 0 5
170 920 0 5
170 930 0 5
170 940 0 5
170 950 0 5
170 960 0 5
170 970 0 5
170 980 0 5
170 990 0 5
180 0 0 5
180 10 0 5
180 20 0 5
180 30 0 5
180 40 0 5
180 50 0 5
180 60 0 5
180 70 0 5
180 80 0 5
180 90 0 5
180 100 0 5
180 110 0 5
180 120 0 5
180 130 0 5
180 140 0 5
180 150 0 5
180 160 0 5
180 170 0 5
180 180 0 5
180 190 0 5
180 200 0 5
180 210 0 5
180 220 0 5
180 230 0 5
180 240 0 5
180 250 0 5
180 260 0 5
180 270 0 5
180 280 0 5
180 290 0 5
180 300 0 5
180 310 0 5
180 320 0 5
180 330 0 5
180 340 0 5
180 350 0 5
180 360 0 5
180 370 0 5
180 380 0 5
180 390 0 5
180 400 0 5
180 410 0 5
180 420 0 5
180 430 0 5
180 440 0 5
180 450 0 5
180 460 0 5
180 470 0 5
180 480 0 5
180 490 0 5
180 500 0 5
180 510 0 5
180 520 0 5
180 530 0 5
180 540 0 5
180 550 0 5
180 560 0 5
180 570 0 5
180 580 0 5
180 590 0 5
180 600 0 5
180 610 0 5
180 620 0 5
180 630 0 5
180 640 0 5
180 650 0 5
180 660 0 5
180 670 0 5
180 680 0 5
180 690 0 5
180 700 0 5
180 710 0 5
180 720 0 5
180 730 0 5
180 740 0 5
180 750 0 5
180 760 0 5
180 770 0 5
180 780 0 5
180 790 0 5
180 800 0 5
180 810 0 5
180 820 0 5
180 830 0 5
180 840 0 5
180 850 0 5
180 860 0 5
180 870 0 5
180 880 0 5
180 890 0 5
180 900 0 5
180 910 0 5
180 920 0 5
180 930 0 5
180 940 0 5
180 950 0 5
180 960 0 5
180 970 0 5
180 980 0 5
180 990 0 5
190 0 0 5
190 10 0 5
190 20 0 5
190 30 0 5
190 40 0 5
190 50 0 5
190 60 0 5
190 70 0 5
190 80 0 5
190 90 0 5
190 100 0 5
190 110 0 5
190 120 0 5
190 130 0 5
190 140 0 5
190 150 0 5
190 160 0 5
190 170 0 5
190 180 0 5
190 190 0 5
190 200 0 5
190 210 0 5
190 220 0 5
190 230 0 5
190 240 0 5
190 250 0 5
190 260 0 5
190 270 0 5
190 280 0 5
190 290 0 5
190 300 0 5
190 310 0 5
190 320 0 5
190 330 0 5
190 340 0 5
190 350 0 5
190 360 0 5
190 370 0 5
190 380 0 5
190 390 0 5
190 400 0 5
190 410 0 5
190 420 0 5
190 430 0 5
190 440 0 5
190 450 0 5
190 460 0 5
190 470 0 5
190 480 0 5
190 490 0 5
190 500 0 5
190 510 0 5
190 520 0 5
190 530 0 5
190 540 0 5
190 550 0 5
190 560 0 5
190 570 0 5
190 580 0 5
190 590 0 5
190 600 0 5
190 610 0 5
190 620 0 5
190 630 0 5
190 640 0 5
190 650 0 5
190 660 0 5
190 670 0 5
190 680 0 5
190 690 0 5
190 700 0 5
190 710 0 5
190 720 0 5
190 730 0 5
190 740 0 5
190 750 0 5
190 760 0 5
190 770 0 5
190 780 0 5
190 790 0 5
190 800 0 5
190 810 0 5
190 820 0 5
190 830 0 5
190 840 0 5
190 850 0 5
190 860 0 5
190 870 0 5
190 880 0 5
190 890 0 5
190 900 0 5
190 910 0 5
190 920 0 5
190 930 0 5
190 940 0 5
190 950 0 5
190 960 0 5
190 970 0 5
190 980 0 5
190 990 0 5
200 0 0 5
200 10 0 5
200 20 0 5
200 30 0 5
200 40 0 5
200 50 0 5
200 60 0 5
200 70 0 5
200 80 0 5
200 90 0 5
200 100 0 5
200 110 0 5
200 120 0 5
200 130 0 5
200 140 0 5
200 150 0 5
200 160 0 5
200 170 0 5
200 180 0 5
200 190 0 5
200 200 0 5
200 210 0 5
200 220 0 5
200 230 0 5
200 240 0 5
200 250 0 5
200 260 0 5
200 270 0 5
200 280 0 5
200 290 0 5
200 300 0 5
200 310 0 5
200 320 0 5
200 330 0 5
200 340 0 5
200 350 0 5
200 360 0 5
200 370 0 5
200 380 0 5
200 390 0 5
200 400 0 5
200 410 0 5
200 420 0 5
200 430 0 5
200 440 0 5
200 450 0 5
200 460 0 5
200 470 0 5
200 480 0 5
200 490 0 5
200 500 0 5
200 510 0 5
200 520 0 5
200 530 0 5
200 540 0 5
200 550 0 5
200 560 0 5
200 570 0 5
200 580 0 5
200 590 0 5
200 600 0 5
200 610 0 5
200 620 0 5
200 630 0 5
200 640 0 5
200 650 0 5
200 660 0 5
200 670 0 5
200 680 0 5
200 690 0 5
200 700 0 5
200 710 0 5
200 720 0 5
200 730 0 5
200 740 0 5
200 750 0 5
200 760 0 5
200 770 0 5
200 780 0 5
200 790 0 5
200 800 0 5
200 810 0 5
200 820 0 5
200 830 0 5
200 840 0 5
200 850 0 5
200 860 0 5
200 870 0 5
200 880 0 5
200 890 0 5
200 900 0 5
200 910 0 5
200 920 0 5
200 930 0 5
200 940 0 5
200 950 0 5
200 960 0 5
200 970 0 5
200 980 0 5
200 990 0 5
210 0 0 5
210 10 0 5
210 20 0 5
210 30 0 5
210 40 0 5
210 50 0 5
210 60 0 5
210 70 0 5
210 80 0 5
210 90 0 5
210 100 0 5
210 110 0 5
210 120 0 5
210 130 0 5
210 140 0 5
210 150 0 5
210 160 0 5
210 170 0 5
210 180 0 5
210 190 0 5
210 200 0 5
210 210 0 5
210 220 0 5
210 230 0 5
210 240 0 5
210 250 0 5
210 260 0 5
210 270 0 5
210 280 0 5
210 290 0 5
210 300 0 5
210 310 0 5
210 320 0 5
210 330 0 5
210 340 0 5
210 350 0 5
210 360 0 5
210 370 0 5
210 380 0 5
210 390 0 5
210 400 0 5
210 410 0 5
210 420 0 5
210 430 0 5
210 440 0 5
210 450 0 5
210 460 0 5
210 470 0 5
210 480 0 5
210 490 0 5
210 500 0 5
210 510 0 5
210 520 0 5
210 530 0 5
210 540 0 5
210 550 0 5
210 560 0 5
210 570 0 5
210 580 0 5
210 590 0 5
210 600 0 5
210 610 0 5
210 620 0 5
210 630 0 5
210 640 0 5
210 650 0 5
210 660 0 5
210 670 0 5
210 680 0 5
210 690 0 5
210 700 0 5
210 710 0 5
210 720 0 5
210 730 0 5
210 740 0 5
210 750 0 5
210 760 0 5
210 770 0 5
210 780 0 5
210 790 0 5
210 800 0 5
210 810 0 5
210 820 0 5
210 830 0 5
210 840 0 5
210 850 0 5
210 860 0 5
210 870 0 5
210 880 0 5
210 890 0 5
210 900 0 5
210 910 0 5
210 920 0 5
210 930 0 5
210 940 0 5
210 950 0 5
210 960 0 5
210 970 0 5
210 980 0 5
210 990 0 5
220 0 0 5
220 10 0 5
220 20 0 5
220 30 0 5
220 40 0 5
220 50 0 5
220 60 0 5
220 70 0 5
220 80 0 5
220 90 0 5
220 100 0 5
220 110 0 5
220 120 0 5
220 130 0 5
220 140 0 5
220 150 0 5
220 160 0 5
220 170 0 5
220 180 0 5
220 190 0 5
220 200 0 5
220 210 0 5
220 220 0 5
220 230 0 5
220 240 0 5
220 250 0 5
220 260 0 5
220 270 0 5
220 280 0 5
220 290 0 5
220 300 0 5
220 310 0 5
220 320 0 5
220 330 0 5
220 340 0 5
220 350 0 5
220 360 0 5
220 370 0 5
220 380 0 5
220 390 0 5
220 400 0 5
220 410 0 5
220 420 0 5
220 430 0 5
220 440 0 5
220 450 0 5
220 460 0 5
220 470 0 5
220 480 0 5
220 490 0 5
220 500 0 5
220 510 0 5
220 520 0 5
220 530 0 5
220 540 0 5
220 550 0 5
220 560 0 5
220 570 0 5
220 580 0 5
220 590 0 5
220 600 0 5
220 610 0 5
220 620 0 5
220 630 0 5
220 640 0 5
220 650 0 5
220 660 0 5
220 670 0 5
220 680 0 5
220 690 0 5
220 700 0 5
220 710 0 5
220 720 0 5
220 730 0 5
220 740 0 5
220 750 0 5
220 760 0 5
220 770 0 5
220 780 0 5
220 790 0 5
220 800 0 5
220 810 0 5
220 820 0 5
220 830 0 5
220 840 0 5
220 850 0 5
220 860 0 5
220 870 0 5
220 880 0 5
220 890 0 5
220 900 0 5
220 910 0 5
220 920 0 5
220 930 0 5
220 940 0 5
220 950 0 5
220 960 0 5
220 970 0 5
220 980 0 5
220 990 0 5
230 0 0 5
230 10 0 5
230 20 0 5
230 30 0 5
230 40 0 5
230 50 0 5
230 60 0 5
230 70 0 5
230 80 0 5
230 90 0 5
230 100 0 5
230 110 0 5
230 120 0 5
230 130 0 5
230 140 0 5
230 150 0 5
230 160 0 5
230 170 0 5
230 180 0 5
230 190 0 5
230 200 0 5
230 210 0 5
230 220 0 5
230 230 0 5
230 240 0 5
230 250 0 5
230 260 0 5
230 270 0 5
230 280 0 5
230 290 0 5
230 300 0 5
230 310 0 5
230 320 0 5
230 330 0 5
230 340 0 5
230 350 0 5
230 360 0 5
230 370 0 5
230 380 0 5
230 390 0 5
230 400 0 5
230 410 0 5
230 420 0 5
230 430 0 5
230 440 0 5
230 450 0 5
230 460 0 5
230 470 0 5
230 480 0 5
230 490 0 5
230 500 0 5
230 510 0 5
230 520 0 5
230 530 0 5
230 540 0 5
230 550 0 5
230 560 0 5
230 570 0 5
230 580 0 5
230 590 0 5
230 600 0 5
230 610 0 5
230 620 0 5
230 630 0 5
230 640 0 5
230 650 0 5
230 660 0 5
230 670 0 5
230 680 0 5
230 690 0 5
230 700 0 5
230 710 0 5
230 720 0 5
230 730 0 5
230 740 0 5
230 750 0 5
230 760 0 5
230 770 0 5
230 780 0 5
230 790 0 5
230 800 0 5
230 810 0 5
230 820 0 5
230 830 0 5
230 840 0 5
230 850 0 5
230 860 0 5
230 870 0 5
230 880 0 5
230 890 0 5
230 900 0 5
230 910 0 5
230 920 0 5
230 930 0 5
230 940 0 5
230 950 0 5
230 960 0 5
230 970 0 5
230 980 0 5
230 990 0 5
240 0 0 5
240 10 0 5
240 20 0 5
240 30 0 5
240 40 0 5
240 50 0 5
240 60 0 5
240 70 0 5
240 80 0 5
240 90 0 5
240 100 0 5
240 110 0 5
240 120 0 5
240 130 0 5
240 140 0 5
240 150 0 5
240 160 0 5
240 170 0 5
240 180 0 5
240 190 0 5
240 200 0 5
240 210 0 5
240 220 0 5
240 230 0 5
240 240 0 5
240 250 0 5
240 260 0 5
240 270 0 5
240 280 0 5
240 290 0 5
240 300 0 5
240 310 0 5
240 320 0 5
240 330 0 5
240 340 0 5
240 350 0 5
240 360 0 5
240 370 0 5
240 380 0 5
240 390 0 5
240 400 0 5
240 410 0 5
240 420 0 5
240 430 0 5
240 440 0 5
240 450 0 5
240 460 0 5
240 470 0 5
240 480 0 5
240 490 0 5
240 500 0 5
240 510 0 5
240 520 0 5
240 530 0 5
240 540 0 5
240 550 0 5
240 560 0 5
240 570 0 5
240 580 0 5
240 590 0 5
240 600 0 5
240 610 0 5
240 620 0 5
240 630 0 5
240 640 0 5
240 650 0 5
240 660 0 5
240 670 0 5
240 680 0 5
240 690 0 5
240 700 0 5
240 710 0 5
240 720 0 5
240 730 0 5
240 740 0 5
240 750 0 5
240 760 0 5
240 770 0 5
240 780 0 5
240 790 0 5
240 800 0 5
240 810 0 5
240 820 0 5
240 830 0 5
240 840 0 5
240 850 0 5
240 860 0 5
240 870 0 5
240 880 0 5
240 890 0 5
240 900 0 5
240 910 0 5
240 920 0 5
240 930 0 5
240 940 0 5
240 950 0 5
240 960 0 5
240 970 0 5
240 980 0 5
240 990 0 5
250 0 0 5
250 10 0 5
250 20 0 5
250 30 0 5
250 40 0 5
250 50 0 5
250 60 0 5
250 70 0 5
250 80 0 5
250 90 0 5
250 100 0 5
250 110 0 5
250 120 0 5
250 130 0 5
250 140 0 5
250 150 0 5
250 160 0 5
250 170 0 5
250 180 0 5
250 190 0 5
250 200 0 5
250 210 0 5
250 220 0 5
250 230 0 5
250 240 0 5
250 250 0 5
250 260 0 5
250 270 0 5
250 280 0 5
250 290 0 5
250 300 0 5
250 310 0 5
250 320 0 5
250 330 0 5
250 340 0 5
250 350 0 5
250 360 0 5
250 370 0 5
250 380 0 5
250 390 0 5
250 400 0 5
250 410 0 5
250 420 0 5
250 430 0 5
250 440 0 5
250 450 0 5
250 460 0 5
250 470 0 5
250 480 0 5
250 490 0 5
250 500 0 5
250 510 0 5
250 520 0 5
250 530 0 5
250 540 0 5
250 550 0 5
250 560 0 5
250 570 0 5
250 580 0 5
250 590 0 5
250 600 0 5
250 610 0 5
250 620 0 5
250 630 0 5
250 640 0 5
250 650 0 5
250 660 0 5
250 670 0 5
250 680 0 5
250 690 0 5
250 700 0 5
250 710 0 5
250 720 0 5
250 730 0 5
250 740 0 5
250 750 0 5
250 760 0 5
250 770 0 5
250 780 0 5
250 790 0 5
250 800 0 5
250 810 0 5
250 820 0 5
250 830 0 5
250 840 0 5
250 850 0 5
250 860 0 5
250 870 0 5
250 880 0 5
250 890 0 5
250 900 0 5
250 910 0 5
250 920 0 5
250 930 0 5
250 940 0 5
250 950 0 5
250 960 0 5
250 970 0 5
250 980 0 5
250 990 0 5
260 0 0 5
260 10 0 5
260 20 0 5
260 30 0 5
260 40 0 5
260 50 0 5
260 60 0 5
260 70 0 5
260 80 0 5
260 90 0 5
260 100 0 5
260 110 0 5
260 120 0 5
260 130 0 5
260 140 0 5
260 150 0 5
260 160 0 5
260 170 0 5
260 180 0 5
260 190 0 5
260 200 0 5
260 210 0 5
260 220 0 5
260 230 0 5
260 240 0 5
260 250 0 5
260 260 0 5
260 270 0 5
260 280 0 5
260 290 0 5
260 300 0 5
260 310 0 5
260 320 0 5
260 330 0 5
260 340 0 5
260 350 0 5
260 360 0 5
260 370 0 5
260 380 0 5
260 390 0 5
260 400 0 5
260 410 0 5
260 420 0 5
260 430 0 5
260 440 0 5
260 450 0 5
260 460 0 5
260 470 0 5
260 480 0 5
260 490 0 5
260 500 0 5
260 510 0 5
260 520 0 5
260 530 0 5
260 540 0 5
260 550 0 5
260 560 0 5
260 570 0 5
260 580 0 5
260 590 0 5
260 600 0 5
260 610 0 5
260 620 0 5
260 630 0 5
260 640 0 5
260 650 0 5
260 660 0 5
260 670 0 5
260 680 0 5
260 690 0 5
260 700 0 5
260 710 0 5
260 720 0 5
260 730 0 5
260 740 0 5
260 750 0 5
260 760 0 5
260 770 0 5
260 780 0 5
260 790 0 5
260 800 0 5
260 810 0 5
260 820 0 5
260 830 0 5
260 840 0 5
260 850 0 5
260 860 0 5
260 870 0 5
260 880 0 5
260 890 0 5
260 900 0 5
260 910 0 5
260 920 0 5
260 930 0 5
260 940 0 5
260 950 0 5
260 960 0 5
260 970 0 5
260 980 0 5
260 990 0 5
270 0 0 5
270 10 0 5
270 20 0 5
270 30 0 5
270 40 0 5
270 50 0 5
270 60 0 5
270 70 0 5
270 80 0 5
270 90 0 5
270 100 0 5
270 110 0 5
270 120 0 5
270 130 0 5
270 140 0 5
270 150 0 5
270 160 0 5
270 170 0 5
270 180 0 5
270 190 0 5
270 200 0 5
270 210 0 5
270 220 0 5
270 230 0 5
270 240 0 5
270 250 0 5
270 260 0 5
270 270 0 5
270 280 0 5
270 290 0 5
270 300 0 5
270 310 0 5
270 320 0 5
270 330 0 5
270 340 0 5
270 350 0 5
270 360 0 5
270 370 0 5
270 380 0 5
270 390 0 5
270 400 0 5
270 410 0 5
270 420 0 5
270 430 0 5
270 440 0 5
270 450 0 5
270 460 0 5
270 470 0 5
270 480 0 5
270 490 0 5
270 500 0 5
270 510 0 5
270 520 0 5
270 530 0 5
270 540 0 5
270 550 0 5
270 560 0 5
270 570 0 5
270 580 0 5
270 590 0 5
270 600 0 5
270 610 0 5
270 620 0 5
270 630 0 5
270 640 0 5
270 650 0 5
270 660 0 5
270 670 0 5
270 680 0 5
270 690 0 5
270 700 0 5
270 710 0 5
270 720 0 5
270 730 0 5
270 740 0 5
270 750 0 5
270 760 0 5
270 770 0 5
270 780 0 5
270 790 0 5
270 800 0 5
270 810 0 5
270 820 0 5
270 830 0 5
270 840 0 5
270 850 0 5
270 860 0 5
270 870 0 5
270 880 0 5
270 890 0 5
270 900 0 5
270 910 0 5
270 920 0 5
270 930 0 5
270 940 0 5
270 950 0 5
270 960 0 5
270 970 0 5
270 980 0 5
270 990 0 5
280 0 0 5
280 10 0 5
280 20 0 5
280 30 0 5
280 40 0 5
280 50 0 5
280 60 0 5
280 70 0 5
280 80 0 5
280 90 0 5
280 100 0 5
280 110 0 5
280 120 0 5
280 130 0 5
280 140 0 5
280 150 0 5
280 160 0 5
280 170 0 5
280 180 0 5
280 190 0 5
280 200 0 5
280 210 0 5
280 220 0 5
280 230 0 5
280 240 0 5
280 250 0 5
280 260 0 5
280 270 0 5
280 280 0 5
280 290 0 5
280 300 0 5
280 310 0 5
280 320 0 5
280 330 0 5
280 340 0 5
280 350 0 5
280 360 0 5
280 370 0 5
280 380 0 5
280 390 0 5
280 400 0 5
280 410 0 5
280 420 0 5
280 430 0 5
280 440 0 5
280 450 0 5
280 460 0 5
280 470 0 5
280 480 0 5
280 490 0 5
280 500 0 5
280 510 0 5
280 520 0 5
280 530 0 5
280 540 0 5
280 550 0 5
280 560 0 5
280 570 0 5
280 580 0 5
280 590 0 5
280 600 0 5
280 610 0 5
280 620 0 5
280 630 0 5
280 640 0 5
280 650 0 5
280 660 0 5
280 670 0 5
280 680 0 5
280 690 0 5
280 700 0 5
280 710 0 5
280 720 0 5
280 730 0 5
280 740 0 5
280 750 0 5
280 760 0 5
280 770 0 5
280 780 0 5
280 790 0 5
280 800 0 5
280 810 0 5
280 820 0 5
280 830 0 5
280 840 0 5
280 850 0 5
280 860 0 5
280 870 0 5
280 880 0 5
280 890 0 5
280 900 0 5
280 910 0 5
280 920 0 5
280 930 0 5
280 940 0 5
280 950 0 5
280 960 0 5
280 970 0 5
280 980 0 5
280 990 0 5
290 0 0 5
290 10 0 5
290 20 0 5
290 30 0 5
290 40 0 5
290 50 0 5
290 60 0 5
290 70 0 5
290 80 0 5
290 90 0 5
290 100 0 5
290 110 0 5
290 120 0 5
290 130 0 5
290 140 0 5
290 150 0 5
290 160 0 5
290 170 0 5
290 180 0 5
290 190 0 5
290 200 0 5
290 210 0 5
290 220 0 5
290 230 0 5
290 240 0 5
290 250 0 5
290 260 0 5
290 270 0 5
290 280 0 5
290 290 0 5
290 300 0 5
290 310 0 5
290 320 0 5
290 330 0 5
290 340 0 5
290 350 0 5
290 360 0 5
290 370 0 5
290 380 0 5
290 390 0 5
290 400 0 5
290 410 0 5
290 420 0 5
290 430 0 5
290 440 0 5
290 450 0 5
290 460 0 5
290 470 0 5
290 480 0 5
290 490 0 5
290 500 0 5
290 510 0 5
290 520 0 5
290 530 0 5
290 540 0 5
290 550 0 5
290 560 0 5
290 570 0 5
290 580 0 5
290 590 0 5
290 600 0 5
290 610 0 5
290 620 0 5
290 630 0 5
290 640 0 5
290 650 0 5
290 660 0 5
290 670 0 5
290 680 0 5
290 690 0 5
290 700 0 5
290 710 0 5
290 720 0 5
290 730 0 5
290 740 0 5
290 750 0 5
290 760 0 5
290 770 0 5
290 780 0 5
290 790 0 5
290 800 0 5
290 810 0 5
290 820 0 5
290 830 0 5
290 840 0 5
290 850 0 5
290 860 0 5
290 870 0 5
290 880 0 5
290 890 0 5
290 900 0 5
290 910 0 5
290 920 0 5
290 930 0 5
290 940 0 5
290 950 0 5
290 960 0 5
290 970 0 5
290 980 0 5
290 990 0 5
300 0 0 5
300 10 0 5
300 20 0 5
300 30 0 5
300 40 0 5
300 50 0 5
300 60 0 5
300 70 0 5
300 80 0 5
300 90 0 5
300 100 0 5
300 110 0 5
300 120 0 5
300 130 0 5
300 140 0 5
300 150 0 5
300 160 0 5
300 170 0 5
300 180 0 5
300 190 0 5
300 200 0 5
300 210 0 5
300 220 0 5
300 230 0 5
300 240 0 5
300 250 0 5
300 260 0 5
300 270 0 5
300 280 0 5
300 290 0 5
300 300 0 5
300 310 0 5
300 320 0 5
300 330 0 5
300 340 0 5
300 350 0 5
300 360 0 5
300 370 0 5
300 380 0 5
300 390 0 5
300 400 0 5
300 410 0 5
300 420 0 5
300 430 0 5
300 440 0 5
300 450 0 5
300 460 0 5
300 470 0 5
300 480 0 5
300 490 0 5
300 500 0 5
300 510 0 5
300 520 0 5
300 530 0 5
300 540 0 5
300 550 0 5
300 560 0 5
300 570 0 5
300 580 0 5
300 590 0 5
300 600 0 5
300 610 0 5
300 620 0 5
300 630 0 5
300 640 0 5
300 650 0 5
300 660 0 5
300 670 0 5
300 680 0 5
300 690 0 5
300 700 0 5
300 710 0 5
300 720 0 5
300 730 0 5
300 740 0 5
300 750 0 5
300 760 0 5
300 770 0 5
300 780 0 5
300 790 0 5
300 800 0 5
300 810 0 5
300 820 0 5
300 830 0 5
300 840 0 5
300 850 0 5
300 860 0 5
300 870 0 5
300 880 0 5
300 890 0 5
300 900 0 5
300 910 0 5
300 920 0 5
300 930 0 5
300 940 0 5
300 950 0 5
300 960 0 5
300 970 0 5
300 980 0 5
300 990 0 5
310 0 0 5
310 10 0 5
310 20 0 5
310 30 0 5
310 40 0 5
310 50 0 5
310 60 0 5
310 70 0 5
310 80 0 5
310 90 0 5
310 100 0 5
310 110 0 5
310 120 0 5
310 130 0 5
310 140 0 5
310 150 0 5
310 160 0 5
310 170 0 5
310 180 0 5
310 190 0 5
310 200 0 5
310 210 0 5
310 220 0 5
310 230 0 5
310 240 0 5
310 250 0 5
310 260 0 5
310 270 0 5
310 280 0 5
310 290 0 5
310 300 0 5
310 310 0 5
310 320 0 5
310 330 0 5
310 340 0 5
310 350 0 5
310 360 0 5
310 370 0 5
310 380 0 5
310 390 0 5
310 400 0 5
310 410 0 5
310 420 0 5
310 430 0 5
310 440 0 5
310 450 0 5
310 460 0 5
310 470 0 5
310 480 0 5
310 490 0 5
310 500 0 5
310 510 0 5
310 520 0 5
310 530 0 5
310 540 0 5
310 550 0 5
310 560 0 5
310 570 0 5
310 580 0 5
310 590 0 5
310 600 0 5
310 610 0 5
310 620 0 5
310 630 0 5
310 640 0 5
310 650 0 5
310 660 0 5
310 670 0 5
310 680 0 5
310 690 0 5
310 700 0 5
310 710 0 5
310 720 0 5
310 730 0 5
310 740 0 5
310 750 0 5
310 760 0 5
310 770 0 5
310 780 0 5
310 790 0 5
310 800 0 5
310 810 0 5
310 820 0 5
310 830 0 5
310 840 0 5
310 850 0 5
310 860 0 5
310 870 0 5
310 880 0 5
310 890 0 5
310 900 0 5
310 910 0 5
310 920 0 5
310 930 0 5
310 940 0 5
310 950 0 5
310 960 0 5
310 970 0 5
310 980 0 5
310 990 0 5
320 0 0 5
320 10 0 5
320 20 0 5
320 30 0 5
320 40 0 5
320 50 0 5
320 60 0 5
320 70 0 5
320 80 0 5
320 90 0 5
320 100 0 5
320 110 0 5
320 120 0 5
320 130 0 5
320 140 0 5
320 150 0 5
320 160 0 5
320 170 0 5
320 180 0 5
320 190 0 5
320 200 0 5
320 210 0 5
320 220 0 5
320 230 0 5
320 240 0 5
320 250 0 5
320 260 0 5
320 270 0 5
320 280 0 5
320 290 0 5
320 300 0 5
320 310 0 5
320 320 0 5
320 330 0 5
320 340 0 5
320 350 0 5
320 360 0 5
320 370 0 5
320 380 0 5
320 390 0 5
320 400 0 5
320 410 0 5
320 420 0 5
320 430 0 5
320 440 0 5
320 450 0 5
320 460 0 5
320 470 0 5
320 480 0 5
320 490 0 5
320 500 0 5
320 510 0 5
320 520 0 5
320 530 0 5
320 540 0 5
320 550 0 5
320 560 0 5
320 570 0 5
320 580 0 5
320 590 0 5
320 600 0 5
320 610 0 5
320 620 0 5
320 630 0 5
320 640 0 5
320 650 0 5
320 660 0 5
320 670 0 5
320 680 0 5
320 690 0 5
320 700 0 5
320 710 0 5
320 720 0 5
320 730 0 5
320 740 0 5
320 750 0 5
320 760 0 5
320 770 0 5
320 780 0 5
320 790 0 5
320 800 0 5
320 810 0 5
320 820 0 5
320 830 0 5
320 840 0 5
320 850 0 5
320 860 0 5
320 870 0 5
320 880 0 5
320 890 0 5
320 900 0 5
320 910 0 5
320 920 0 5
320 930 0 5
320 940 0 5
320 950 0 5
320 960 0 5
320 970 0 5
320 980 0 5
320 990 0 5
330 0 0 5
330 10 0 5
330 20 0 5
330 30 0 5
330 40 0 5
330 50 0 5
330 60 0 5
330 70 0 5
330 80 0 5
330 90 0 5
330 100 0 5
330 110 0 5
330 120 0 5
330 130 0 5
330 140 0 5
330 150 0 5
330 160 0 5
330 170 0 5
330 180 0 5
330 190 0 5
330 200 0 5
330 210 0 5
330 220 0 5
330 230 0 5
330 240 0 5
330 250 0 5
330 260 0 5
330 270 0 5
330 280 0 5
330 290 0 5
330 300 0 5
330 310 0 5
330 320 0 5
330 330 0 5
330 340 0 5
330 350 0 5
330 360 0 5
330 370 0 5
330 380 0 5
330 390 0 5
330 400 0 5
330 410 0 5
330 420 0 5
330 430 0 5
330 440 0 5
330 450 0 5
330 460 0 5
330 470 0 5
330 480 0 5
330 490 0 5
330 500 0 5
330 510 0 5
330 520 0 5
330 530 0 5
330 540 0 5
330 550 0 5
330 560 0 5
330 570 0 5
330 580 0 5
330 590 0 5
330 600 0 5
330 610 0 5
330 620 0 5
330 630 0 5
330 640 0 5
330 650 0 5
330 660 0 5
330 670 0 5
330 680 0 5
330 690 0 5
330 700 0 5
330 710 0 5
330 720 0 5
330 730 0 5
330 740 0 5
330 750 0 5
330 760 0 5
330 770 0 5
330 780 0 5
330 790 0 5
330 800 0 5
330 810 0 5
330 820 0 5
330 830 0 5
330 840 0 5
330 850 0 5
330 860 0 5
330 870 0 5
330 880 0 5
330 890 0 5
330 900 0 5
330 910 0 5
330 920 0 5
330 930 0 5
330 940 0 5
330 950 0 5
330 960 0 5
330 970 0 5
330 980 0 5
330 990 0 5
340 0 0 5
340 10 0 5
340 20 0 5
340 30 0 5
340 40 0 5
340 50 0 5
340 60 0 5
340 70 0 5
340 80 0 5
340 90 0 5
340 100 0 5
340 110 0 5
340 120 0 5
340 130 0 5
340 140 0 5
340 150 0 5
340 160 0 5
340 170 0 5
340 180 0 5
340 190 0 5
340 200 0 5
340 210 0 5
340 220 0 5
340 230 0 5
340 240 0 5
340 250 0 5
340 260 0 5
340 270 0 5
340 280 0 5
340 290 0 5
340 300 0 5
340 310 0 5
340 320 0 5
340 330 0 5
340 340 0 5
340 350 0 5
340 360 0 5
340 370 0 5
340 380 0 5
340 390 0 5
340 400 0 5
340 410 0 5
340 420 0 5
340 430 0 5
340 440 0 5
340 450 0 5
340 460 0 5
340 470 0 5
340 480 0 5
340 490 0 5
340 500 0 5
340 510 0 5
340 520 0 5
340 530 0 5
340 540 0 5
340 550 0 5
340 560 0 5
340 570 0 5
340 580 0 5
340 590 0 5
340 600 0 5
340 610 0 5
340 620 0 5
340 630 0 5
340 640 0 5
340 650 0 5
340 660 0 5
340 670 0 5
340 680 0 5
340 690 0 5
340 700 0 5
340 710 0 5
340 720 0 5
340 730 0 5
340 740 0 5
340 750 0 5
340 760 0 5
340 770 0 5
340 780 0 5
340 790 0 5
340 800 0 5
340 810 0 5
340 820 0 5
340 830 0 5
340 840 0 5
340 850 0 5
340 860 0 5
340 870 0 5
340 880 0 5
340 890 0 5
340 900 0 5
340 910 0 5
340 920 0 5
340 930 0 5
340 940 0 5
340 950 0 5
340 960 0 5
340 970 0 5
340 980 0 5
340 990 0 5
350 0 0 5
350 10 0 5
350 20 0 5
350 30 0 5
350 40 0 5
350 50 0 5
350 60 0 5
350 70 0 5
350 80 0 5
350 90 0 5
350 100 0 5
350 110 0 5
350 120 0 5
350 130 0 5
350 140 0 5
350 150 0 5
350 160 0 5
350 170 0 5
350 180 0 5
350 190 0 5
350 200 0 5
350 210 0 5
350 220 0 5
350 230 0 5
350 240 0 5
350 250 0 5
350 260 0 5
350 270 0 5
350 280 0 5
350 290 0 5
350 300 0 5
350 310 0 5
350 320 0 5
350 330 0 5
350 340 0 5
350 350 0 5
350 360 0 5
350 370 0 5
350 380 0 5
350 390 0 5
350 400 0 5
350 410 0 5
350 420 0 5
350 430 0 5
350 440 0 5
350 450 0 5
350 460 0 5
350 470 0 5
350 480 0 5
350 490 0 5
350 500 0 5
350 510 0 5
350 520 0 5
350 530 0 5
350 540 0 5
350 550 0 5
350 560 0 5
350 570 0 5
350 580 0 5
350 590 0 5
350 600 0 5
350 610 0 5
350 620 0 5
350 630 0 5
350 640 0 5
350 650 0 5
350 660 0 5
350 670 0 5
350 680 0 5
350 690 0 5
350 700 0 5
350 710 0 5
350 720 0 5
350 730 0 5
350 740 0 5
350 750 0 5
350 760 0 5
350 770 0 5
350 780 0 5
350 790 0 5
350 800 0 5
350 810 0 5
350 820 0 5
350 830 0 5
350 840 0 5
350 850 0 5
350 860 0 5
350 870 0 5
350 880 0 5
350 890 0 5
350 900 0 5
350 910 0 5
350 920 0 5
350 930 0 5
350 940 0 5
350 950 0 5
350 960 0 5
350 970 0 5
350 980 0 5
350 990 0 5
360 0 0 5
360 10 0 5
360 20 0 5
360 30 0 5
360 40 0 5
360 50 0 5
360 60 0 5
360 70 0 5
360 80 0 5
360 90 0 5
360 100 0 5
360 110 0 5
360 120 0 5
360 130 0 5
360 140 0 5
360 150 0 5
360 160 0 5
360 170 0 5
360 180 0 5
360 190 0 5
360 200 0 5
360 210 0 5
360 220 0 5
360 230 0 5
360 240 0 5
360 250 0 5
360 260 0 5
360 270 0 5
360 280 0 5
360 290 0 5
360 300 0 5
360 310 0 5
360 320 0 5
360 330 0 5
360 340 0 5
360 350 0 5
360 360 0 5
360 370 0 5
360 380 0 5
360 390 0 5
360 400 0 5
360 410 0 5
360 420 0 5
360 430 0 5
360 440 0 5
360 450 0 5
360 460 0 5
360 470 0 5
360 480 0 5
360 490 0 5
360 500 0 5
360 510 0 5
360 520 0 5
360 530 0 5
360 540 0 5
360 550 0 5
360 560 0 5
360 570 0 5
360 580 0 5
360 590 0 5
360 600 0 5
360 610 0 5
360 620 0 5
360 630 0 5
360 640 0 5
360 650 0 5
360 660 0 5
360 670 0 5
360 680 0 5
360 690 0 5
360 700 0 5
360 710 0 5
360 720 0 5
360 730 0 5
360 740 0 5
360 750 0 5
360 760 0 5
360 770 0 5
360 780 0 5
360 790 0 5
360 800 0 5
360 810 0 5
360 820 0 5
360 830 0 5
360 840 0 5
360 850 0 5
360 860 0 5
360 870 0 5
360 880 0 5
360 890 0 5
360 900 0 5
360 910 0 5
360 920 0 5
360 930 0 5
360 940 0 5
360 950 0 5
360 960 0 5
360 970 0 5
360 980 0 5
360 990 0 5
370 0 0 5
370 10 0 5
370 20 0 5
370 30 0 5
370 40 0 5
370 50 0 5
370 60 0 5
370 70 0 5
370 80 0 5
370 90 0 5
370 100 0 5
370 110 0 5
370 120 0 5
370 130 0 5
370 140 0 5
370 150 0 5
370 160 0 5
370 170 0 5
370 180 0 5
370 190 0 5
370 200 0 5
370 210 0 5
370 220 0 5
370 230 0 5
370 240 0 5
370 250 0 5
370 260 0 5
370 270 0 5
370 280 0 5
370 290 0 5
370 300 0 5
370 310 0 5
370 320 0 5
370 330 0 5
370 340 0 5
370 350 0 5
370 360 0 5
370 370 0 5
370 380 0 5
370 390 0 5
370 400 0 5
370 410 0 5
370 420 0 5
370 430 0 5
370 440 0 5
370 450 0 5
370 460 0 5
370 470 0 5
370 480 0 5
370 490 0 5
370 500 0 5
370 510 0 5
370 520 0 5
370 530 0 5
370 540 0 5
370 550 0 5
370 560 0 5
370 570 0 5
370 580 0 5
370 590 0 5
370 600 0 5
370 610 0 5
370 620 0 5
370 630 0 5
370 640 0 5
370 650 0 5
370 660 0 5
370 670 0 5
370 680 0 5
370 690 0 5
370 700 0 5
370 710 0 5
370 720 0 5
370 730 0 5
370 740 0 5
370 750 0 5
370 760 0 5
370 770 0 5
370 780 0 5
370 790 0 5
370 800 0 5
370 810 0 5
370 820 0 5
370 830 0 5
370 840 0 5
370 850 0 5
370 860 0 5
370 870 0 5
370 880 0 5
370 890 0 5
370 900 0 5
370 910 0 5
370 920 0 5
370 930 0 5
370 940 0 5
370 950 0 5
370 960 0 5
370 970 0 5
370 980 0 5
370 990 0 5
380 0 0 5
380 10 0 5
380 20 0 5
380 30 0 5
380 40 0 5
380 50 0 5
380 60 0 5
380 70 0 5
380 80 0 5
380 90 0 5
380 100 0 5
380 110 0 5
380 120 0 5
380 130 0 5
380 140 0 5
380 150 0 5
380 160 0 5
380 170 0 5
380 180 0 5
380 190 0 5
380 200 0 5
380 210 0 5
380 220 0 5
380 230 0 5
380 240 0 5
380 250 0 5
380 260 0 5
380 270 0 5
380 280 0 5
380 290 0 5
380 300 0 5
380 310 0 5
380 320 0 5
380 330 0 5
380 340 0 5
380 350 0 5
380 360 0 5
380 370 0 5
380 380 0 5
380 390 0 5
380 400 0 5
380 410 0 5
380 420 0 5
380 430 0 5
380 440 0 5
380 450 0 5
380 460 0 5
380 470 0 5
380 480 0 5
380 490 0 5
380 500 0 5
380 510 0 5
380 520 0 5
380 530 0 5
380 540 0 5
380 550 0 5
380 560 0 5
380 570 0 5
380 580 0 5
380 590 0 5
380 600 0 5
380 610 0 5
380 620 0 5
380 630 0 5
380 640 0 5
380 650 0 5
380 660 0 5
380 670 0 5
380 680 0 5
380 690 0 5
380 700 0 5
380 710 0 5
380 720 0 5
380 730 0 5
380 740 0 5
380 750 0 5
380 760 0 5
380 770 0 5
380 780 0 5
380 790 0 5
380 800 0 5
380 810 0 5
380 820 0 5
380 830 0 5
380 840 0 5
380 850 0 5
380 860 0 5
380 870 0 5
380 880 0 5
380 890 0 5
380 900 0 5
380 910 0 5
380 920 0 5
380 930 0 5
380 940 0 5
380 950 0 5
380 960 0 5
380 970 0 5
380 980 0 5
380 990 0 5
390 0 0 5
390 10 0 5
390 20 0 5
390 30 0 5
390 40 0 5
390 50 0 5
390 60 0 5
390 70 0 5
390 80 0 5
390 90 0 5
390 100 0 5
390 110 0 5
390 120 0 5
390 130 0 5
390 140 0 5
390 150 0 5
390 160 0 5
390 170 0 5
390 180 0 5
390 190 0 5
390 200 0 5
390 210 0 5
390 220 0 5
390 230 0 5
390 240 0 5
390 250 0 5
390 260 0 5
390 270 0 5
390 280 0 5
390 290 0 5
390 300 0 5
390 310 0 5
390 320 0 5
390 330 0 5
390 340 0 5
390 350 0 5
390 360 0 5
390 370 0 5
390 380 0 5
390 390 0 5
390 400 0 5
390 410 0 5
390 420 0 5
390 430 0 5
390 440 0 5
390 450 0 5
390 460 0 5
390 470 0 5
390 480 0 5
390 490 0 5
390 500 0 5
390 510 0 5
390 520 0 5
390 530 0 5
390 540 0 5
390 550 0 5
390 560 0 5
390 570 0 5
390 580 0 5
390 590 0 5
390 600 0 5
390 610 0 5
390 620 0 5
390 630 0 5
390 640 0 5
390 650 0 5
390 660 0 5
390 670 0 5
390 680 0 5
390 690 0 5
390 700 0 5
390 710 0 5
390 720 0 5
390 730 0 5
390 740 0 5
390 750 0 5
390 760 0 5
390 770 0 5
390 780 0 5
390 790 0 5
390 800 0 5
390 810 0 5
390 820 0 5
390 830 0 5
390 840 0 5
390 850 0 5
390 860 0 5
390 870 0 5
390 880 0 5
390 890 0 5
390 900 0 5
390 910 0 5
390 920 0 5
390 930 0 5
390 940 0 5
390 950 0 5
390 960 0 5
390 970 0 5
390 980 0 5
390 990 0 5
400 0 0 5
400 10 0 5
400 20 0 5
400 30 0 5
400 40 0 5
400 50 0 5
400 60 0 5
400 70 0 5
400 80 0 5
400 90 0 5
400 100 0 5
400 110 0 5
400 120 0 5
400 130 0 5
400 140 0 5
400 150 0 5
400 160 0 5
400 170 0 5
400 180 0 5
400 190 0 5
400 200 0 5
400 210 0 5
400 220 0 5
400 230 0 5
400 240 0 5
400 250 0 5
400 260 0 5
400 270 0 5
400 280 0 5
400 290 0 5
400 300 0 5
400 310 0 5
400 320 0 5
400 330 0 5
400 340 0 5
400 350 0 5
400 360 0 5
400 370 0 5
400 380 0 5
400 390 0 5
400 400 0 5
400 410 0 5
400 420 0 5
400 430 0 5
400 440 0 5
400 450 0 5
400 460 0 5
400 470 0 5
400 480 0 5
400 490 0 5
400 500 0 5
400 510 0 5
400 520 0 5
400 530 0 5
400 540 0 5
400 550 0 5
400 560 0 5
400 570 0 5
400 580 0 5
400 590 0 5
400 600 0 5
400 610 0 5
400 620 0 5
400 630 0 5
400 640 0 5
400 650 0 5
400 660 0 5
400 670 0 5
400 680 0 5
400 690 0 5
400 700 0 5
400 710 0 5
400 720 0 5
400 730 0 5
400 740 0 5
400 750 0 5
400 760 0 5
400 770 0 5
400 780 0 5
400 790 0 5
400 800 0 5
400 810 0 5
400 820 0 5
400 830 0 5
400 840 0 5
400 850 0 5
400 860 0 5
400 870 0 5
400 880 0 5
400 890 0 5
400 900 0 5
400 910 0 5
400 920 0 5
400 930 0 5
400 940 0 5
400 950 0 5
400 960 0 5
400 970 0 5
400 980 0 5
400 990 0 5
410 0 0 5
410 10 0 5
410 20 0 5
410 30 0 5
410 40 0 5
410 50 0 5
410 60 0 5
410 70 0 5
410 80 0 5
410 90 0 5
410 100 0 5
410 110 0 5
410 120 0 5
410 130 0 5
410 140 0 5
410 150 0 5
410 160 0 5
410 170 0 5
410 180 0 5
410 190 0 5
410 200 0 5
410 210 0 5
410 220 0 5
410 230 0 5
410 240 0 5
410 250 0 5
410 260 0 5
410 270 0 5
410 280 0 5
410 290 0 5
410 300 0 5
410 310 0 5
410 320 0 5
410 330 0 5
410 340 0 5
410 350 0 5
410 360 0 5
410 370 0 5
410 380 0 5
410 390 0 5
410 400 0 5
410 410 0 5
410 420 0 5
410 430 0 5
410 440 0 5
410 450 0 5
410 460 0 5
410 470 0 5
410 480 0 5
410 490 0 5
410 500 0 5
410 510 0 5
410 520 0 5
410 530 0 5
410 540 0 5
410 550 0 5
410 560 0 5
410 570 0 5
410 580 0 5
410 590 0 5
410 600 0 5
410 610 0 5
410 620 0 5
410 630 0 5
410 640 0 5
410 650 0 5
410 660 0 5
410 670 0 5
410 680 0 5
410 690 0 5
410 700 0 5
410 710 0 5
410 720 0 5
410 730 0 5
410 740 0 5
410 750 0 5
410 760 0 5
410 770 0 5
410 780 0 5
410 790 0 5
410 800 0 5
410 810 0 5
410 820 0 5
410 830 0 5
410 840 0 5
410 850 0 5
410 860 0 5
410 870 0 5
410 880 0 5
410 890 0 5
410 900 0 5
410 910 0 5
410 920 0 5
410 930 0 5
410 940 0 5
410 950 0 5
410 960 0 5
410 970 0 5
410 980 0 5
410 990 0 5
420 0 0 5
420 10 0 5
420 20 0 5
420 30 0 5
420 40 0 5
420 50 0 5
420 60 0 5
420 70 0 5
420 80 0 5
420 90 0 5
420 100 0 5
420 110 0 5
420 120 0 5
420 130 0 5
420 140 0 5
420 150 0 5
420 160 0 5
420 170 0 5
420 180 0 5
420 190 0 5
420 200 0 5
420 210 0 5
420 220 0 5
420 230 0 5
420 240 0 5
420 250 0 5
420 260 0 5
420 270 0 5
420 280 0 5
420 290 0 5
420 300 0 5
420 310 0 5
420 320 0 5
420 330 0 5
420 340 0 5
420 350 0 5
420 360 0 5
420 370 0 5
420 380 0 5
420 390 0 5
420 400 0 5
420 410 0 5
420 420 0 5
420 430 0 5
420 440 0 5
420 450 0 5
420 460 0 5
420 470 0 5
420 480 0 5
420 490 0 5
420 500 0 5
420 510 0 5
420 520 0 5
420 530 0 5
420 540 0 5
420 550 0 5
420 560 0 5
420 570 0 5
420 580 0 5
420 590 0 5
420 600 0 5
420 610 0 5
420 620 0 5
420 630 0 5
420 640 0 5
420 650 0 5
420 660 0 5
420 670 0 5
420 680 0 5
420 690 0 5
420 700 0 5
420 710 0 5
420 720 0 5
420 730 0 5
420 740 0 5
420 750 0 5
420 760 0 5
420 770 0 5
420 780 0 5
420 790 0 5
420 800 0 5
420 810 0 5
420 820 0 5
420 830 0 5
420 840 0 5
420 850 0 5
420 860 0 5
420 870 0 5
420 880 0 5
420 890 0 5
420 900 0 5
420 910 0 5
420 920 0 5
420 930 0 5
420 940 0 5
420 950 0 5
420 960 0 5
420 970 0 5
420 980 0 5
420 990 0 5
430 0 0 5
430 10 0 5
430 20 0 5
430 30 0 5
430 40 0 5
430 50 0 5
430 60 0 5
430 70 0 5
430 80 0 5
430 90 0 5
430 100 0 5
430 110 0 5
430 120 0 5
430 130 0 5
430 140 0 5
430 150 0 5
430 160 0 5
430 170 0 5
430 180 0 5
430 190 0 5
430 200 0 5
430 210 0 5
430 220 0 5
430 230 0 5
430 240 0 5
430 250 0 5
430 260 0 5
430 270 0 5
430 280 0 5
430 290 0 5
430 300 0 5
430 310 0 5
430 320 0 5
430 330 0 5
430 340 0 5
430 350 0 5
430 360 0 5
430 370 0 5
430 380 0 5
430 390 0 5
430 400 0 5
430 410 0 5
430 420 0 5
430 430 0 5
430 440 0 5
430 450 0 5
430 460 0 5
430 470 0 5
430 480 0 5
430 490 0 5
430 500 0 5
430 510 0 5
430 520 0 5
430 530 0 5
430 540 0 5
430 550 0 5
430 560 0 5
430 570 0 5
430 580 0 5
430 590 0 5
430 600 0 5
430 610 0 5
430 620 0 5
430 630 0 5
430 640 0 5
430 650 0 5
430 660 0 5
430 670 0 5
430 680 0 5
430 690 0 5
430 700 0 5
430 710 0 5
430 720 0 5
430 730 0 5
430 740 0 5
430 750 0 5
430 760 0 5
430 770 0 5
430 780 0 5
430 790 0 5
430 800 0 5
430 810 0 5
430 820 0 5
430 830 0 5
430 840 0 5
430 850 0 5
430 860 0 5
430 870 0 5
430 880 0 5
430 890 0 5
430 900 0 5
430 910 0 5
430 920 0 5
430 930 0 5
430 940 0 5
430 950 0 5
430 960 0 5
430 970 0 5
430 980 0 5
430 990 0 5
440 0 0 5
440 10 0 5
440 20 0 5
440 30 0 5
440 40 0 5
440 50 0 5
440 60 0 5
440 70 0 5
440 80 0 5
440 90 0 5
440 100 0 5
440 110 0 5
440 120 0 5
440 130 0 5
440 140 0 5
440 150 0 5
440 160 0 5
440 170 0 5
440 180 0 5
440 190 0 5
440 200 0 5
440 210 0 5
440 220 0 5
440 230 0 5
440 240 0 5
440 250 0 5
440 260 0 5
440 270 0 5
440 280 0 5
440 290 0 5
440 300 0 5
440 310 0 5
440 320 0 5
440 330 0 5
440 340 0 5
440 350 0 5
440 360 0 5
440 370 0 5
440 380 0 5
440 390 0 5
440 400 0 5
440 410 0 5
440 420 0 5
440 430 0 5
440 440 0 5
440 450 0 5
440 460 0 5
440 470 0 5
440 480 0 5
440 490 0 5
440 500 0 5
440 510 0 5
440 520 0 5
440 530 0 5
440 540 0 5
440 550 0 5
440 560 0 5
440 570 0 5
440 580 0 5
440 590 0 5
440 600 0 5
440 610 0 5
440 620 0 5
440 630 0 5
440 640 0 5
440 650 0 5
440 660 0 5
440 670 0 5
440 680 0 5
440 690 0 5
440 700 0 5
440 710 0 5
440 720 0 5
440 730 0 5
440 740 0 5
440 750 0 5
440 760 0 5
440 770 0 5
440 780 0 5
440 790 0 5
440 800 0 5
440 810 0 5
440 820 0 5
440 830 0 5
440 840 0 5
440 850 0 5
440 860 0 5
440 870 0 5
440 880 0 5
440 890 0 5
440 900 0 5
440 910 0 5
440 920 0 5
440 930 0 5
440 940 0 5
440 950 0 5
440 960 0 5
440 970 0 5
440 980 0 5
440 990 0 5
450 0 0 5
450 10 0 5
450 20 0 5
450 30 0 5
450 40 0 5
450 50 0 5
450 60 0 5
450 70 0 5
450 80 0 5
450 90 0 5
450 100 0 5
450 110 0 5
450 120 0 5
450 130 0 5
450 140 0 5
450 150 0 5
450 160 0 5
450 170 0 5
450 180 0 5
450 190 0 5
450 200 0 5
450 210 0 5
450 220 0 5
450 230 0 5
450 240 0 5
450 250 0 5
450 260 0 5
450 270 0 5
450 280 0 5
450 290 0 5
450 300 0 5
450 310 0 5
450 320 0 5
450 330 0 5
450 340 0 5
450 350 0 5
450 360 0 5
450 370 0 5
450 380 0 5
450 390 0 5
450 400 0 5
450 410 0 5
450 420 0 5
450 430 0 5
450 440 0 5
450 450 0 5
450 460 0 5
450 470 0 5
450 480 0 5
450 490 0 5
450 500 0 5
450 510 0 5
450 520 0 5
450 530 0 5
450 540 0 5
450 550 0 5
450 560 0 5
450 570 0 5
450 580 0 5
450 590 0 5
450 600 0 5
450 610 0 5
450 620 0 5
450 630 0 5
450 640 0 5
450 650 0 5
450 660 0 5
450 670 0 5
450 680 0 5
450 690 0 5
450 700 0 5
450 710 0 5
450 720 0 5
450 730 0 5
450 740 0 5
450 750 0 5
450 760 0 5
450 770 0 5
450 780 0 5
450 790 0 5
450 800 0 5
450 810 0 5
450 820 0 5
450 830 0 5
450 840 0 5
450 850 0 5
450 860 0 5
450 870 0 5
450 880 0 5
450 890 0 5
450 900 0 5
450 910 0 5
450 920 0 5
450 930 0 5
450 940 0 5
450 950 0 5
450 960 0 5
450 970 0 5
450 980 0 5
450 990 0 5
460 0 0 5
460 10 0 5
460 20 0 5
460 30 0 5
460 40 0 5
460 50 0 5
460 60 0 5
460 70 0 5
460 80 0 5
460 90 0 5
460 100 0 5
460 110 0 5
460 120 0 5
460 130 0 5
460 140 0 5
460 150 0 5
460 160 0 5
460 170 0 5
460 180 0 5
460 190 0 5
460 200 0 5
460 210 0 5
460 220 0 5
460 230 0 5
460 240 0 5
460 250 0 5
460 260 0 5
460 270 0 5
460 280 0 5
460 290 0 5
460 300 0 5
460 310 0 5
460 320 0 5
460 330 0 5
460 340 0 5
460 350 0 5
460 360 0 5
460 370 0 5
460 380 0 5
460 390 0 5
460 400 0 5
460 410 0 5
460 420 0 5
460 430 0 5
460 440 0 5
460 450 0 5
460 460 0 5
460 470 0 5
460 480 0 5
460 490 0 5
460 500 0 5
460 510 0 5
460 520 0 5
460 530 0 5
460 540 0 5
460 550 0 5
460 560 0 5
460 570 0 5
460 580 0 5
460 590 0 5
460 600 0 5
460 610 0 5
460 620 0 5
460 630 0 5
460 640 0 5
460 650 0 5
460 660 0 5
460 670 0 5
460 680 0 5
460 690 0 5
460 700 0 5
460 710 0 5
460 720 0 5
460 730 0 5
460 740 0 5
460 750 0 5
460 760 0 5
460 770 0 5
460 780 0 5
460 790 0 5
460 800 0 5
460 810 0 5
460 820 0 5
460 830 0 5
460 840 0 5
460 850 0 5
460 860 0 5
460 870 0 5
460 880 0 5
460 890 0 5
460 900 0 5
460 910 0 5
460 920 0 5
460 930 0 5
460 940 0 5
460 950 0 5
460 960 0 5
460 970 0 5
460 980 0 5
460 990 0 5
470 0 0 5
470 10 0 5
470 20 0 5
470 30 0 5
470 40 0 5
470 50 0 5
470 60 0 5
470 70 0 5
470 80 0 5
470 90 0 5
470 100 0 5
470 110 0 5
470 120 0 5
470 130 0 5
470 140 0 5
470 150 0 5
470 160 0 5
470 170 0 5
470 180 0 5
470 190 0 5
470 200 0 5
470 210 0 5
470 220 0 5
470 230 0 5
470 240 0 5
470 250 0 5
470 260 0 5
470 270 0 5
470 280 0 5
470 290 0 5
470 300 0 5
470 310 0 5
470 320 0 5
470 330 0 5
470 340 0 5
470 350 0 5
470 360 0 5
470 370 0 5
470 380 0 5
470 390 0 5
470 400 0 5
470 410 0 5
470 420 0 5
470 430 0 5
470 440 0 5
470 450 0 5
470 460 0 5
470 470 0 5
470 480 0 5
470 490 0 5
470 500 0 5
470 510 0 5
470 520 0 5
470 530 0 5
470 540 0 5
470 550 0 5
470 560 0 5
470 570 0 5
470 580 0 5
470 590 0 5
470 600 0 5
470 610 0 5
470 620 0 5
470 630 0 5
470 640 0 5
470 650 0 5
470 660 0 5
470 670 0 5
470 680 0 5
470 690 0 5
470 700 0 5
470 710 0 5
470 720 0 5
470 730 0 5
470 740 0 5
470 750 0 5
470 760 0 5
470 770 0 5
470 780 0 5
470 790 0 5
470 800 0 5
470 810 0 5
470 820 0 5
470 830 0 5
470 840 0 5
470 850 0 5
470 860 0 5
470 870 0 5
470 880 0 5
470 890 0 5
470 900 0 5
470 910 0 5
470 920 0 5
470 930 0 5
470 940 0 5
470 950 0 5
470 960 0 5
470 970 0 5
470 980 0 5
470 990 0 5
480 0 0 5
480 10 0 5
480 20 0 5
480 30 0 5
480 40 0 5
480 50 0 5
480 60 0 5
480 70 0 5
480 80 0 5
480 90 0 5
480 100 0 5
480 110 0 5
480 120 0 5
480 130 0 5
480 140 0 5
480 150 0 5
480 160 0 5
480 170 0 5
480 180 0 5
480 190 0 5
480 200 0 5
480 210 0 5
480 220 0 5
480 230 0 5
480 240 0 5
480 250 0 5
480 260 0 5
480 270 0 5
480 280 0 5
480 290 0 5
480 300 0 5
480 310 0 5
480 320 0 5
480 330 0 5
480 340 0 5
480 350 0 5
480 360 0 5
480 370 0 5
480 380 0 5
480 390 0 5
480 400 0 5
480 410 0 5
480 420 0 5
480 430 0 5
480 440 0 5
480 450 0 5
480 460 0 5
480 470 0 5
480 480 0 5
480 490 0 5
480 500 0 5
480 510 0 5
480 520 0 5
480 530 0 5
480 540 0 5
480 550 0 5
480 560 0 5
480 570 0 5
480 580 0 5
480 590 0 5
480 600 0 5
480 610 0 5
480 620 0 5
480 630 0 5
480 640 0 5
480 650 0 5
480 660 0 5
480 670 0 5
480 680 0 5
480 690 0 5
480 700 0 5
480 710 0 5
480 720 0 5
480 730 0 5
480 740 0 5
480 750 0 5
480 760 0 5
480 770 0 5
480 780 0 5
480 790 0 5
480 800 0 5
480 810 0 5
480 820 0 5
480 830 0 5
480 840 0 5
480 850 0 5
480 860 0 5
480 870 0 5
480 880 0 5
480 890 0 5
480 900 0 5
480 910 0 5
480 920 0 5
480 930 0 5
480 940 0 5
480 950 0 5
480 960 0 5
480 970 0 5
480 980 0 5
480 990 0 5
490 0 0 5
490 10 0 5
490 20 0 5
490 30 0 5
490 40 0 5
490 50 0 5
490 60 0 5
490 70 0 5
490 80 0 5
490 90 0 5
490 100 0 5
490 110 0 5
490 120 0 5
490 130 0 5
490 140 0 5
490 150 0 5
490 160 0 5
490 170 0 5
490 180 0 5
490 190 0 5
490 200 0 5
490 210 0 5
490 220 0 5
490 230 0 5
490 240 0 5
490 250 0 5
490 260 0 5
490 270 0 5
490 280 0 5
490 290 0 5
490 300 0 5
490 310 0 5
490 320 0 5
490 330 0 5
490 340 0 5
490 350 0 5
490 360 0 5
490 370 0 5
490 380 0 5
490 390 0 5
490 400 0 5
490 410 0 5
490 420 0 5
490 430 0 5
490 440 0 5
490 450 0 5
490 460 0 5
490 470 0 5
490 480 0 5
490 490 0 5
490 500 0 5
490 510 0 5
490 520 0 5
490 530 0 5
490 540 0 5
490 550 0 5
490 560 0 5
490 570 0 5
490 580 0 5
490 590 0 5
490 600 0 5
490 610 0 5
490 620 0 5
490 630 0 5
490 640 0 5
490 650 0 5
490 660 0 5
490 670 0 5
490 680 0 5
490 690 0 5
490 700 0 5
490 710 0 5
490 720 0 5
490 730 0 5
490 740 0 5
490 750 0 5
490 760 0 5
490 770 0 5
490 780 0 5
490 790 0 5
490 800 0 5
490 810 0 5
490 820 0 5
490 830 0 5
490 840 0 5
490 850 0 5
490 860 0 5
490 870 0 5
490 880 0 5
490 890 0 5
490 900 0 5
490 910 0 5
490 920 0 5
490 930 0 5
490 940 0 5
490 950 0 5
490 960 0 5
490 970 0 5
490 980 0 5
490 990 0 5
18
92 92 0 3
96 134 0 2
92 52 0 1
96 191 0 9
92 16 0 7
96 146 0 10
96 110 0 8
96 177 0 5
96 92 0 1
92 62 0 9
92 50 0 1
92 32 0 9
96 125 0 7
96 95 0 2
92 80 0 9
96 164 0 8
92 0 0 9
92 45 0 4
101
568 293 0 2
653 307 0 21
71 12 0 4
392 194 0 3
189 60 0 4
382 137 0 4
866 457 0 4
732 388 0 3
753 415 0 3
397 206 0 10
757 418 0 2
428 206 0 21
165 53 0 21
265 82 0 4
981 545 0 3
129 48 0 10
392 188 0 3
999 557 0 3
581 300 0 2
324 90 0 21
677 314 0 4
762 435 0 10
364 107 0 10
720 383 0 10
757 423 0 3
189 66 0 2
376 112 0 3
348 97 0 4
47 5 0 21
953 537 0 3
300 90 0 3
462 254 0 21
82 15 0 2
455 223 0 3
452 213 0 4
695 371 0 3
571 297 0 3
11 0 0 10
241 75 0 21
272 82 0 3
565 278 0 4
389 184 0 2
873 506 0 4
604 300 0 21
735 403 0 3
288 85 0 10
78 12 0 3
1003 560 0 2
688 317 0 2
568 288 0 3
565 284 0 2
505 264 0 2
735 397 0 3
700 383 0 10
276 85 0 2
91 18 0 2
0 0 0 1
866 449 0 4
969 540 0 10
957 540 0 2
452 219 0 2
688 323 0 4
817 442 0 4
990 554 0 3
793 435 0 21
455 230 0 4
541 271 0 21
87 15 0 3
518 271 0 2
98 48 0 21
348 103 0 2
379 126 0 2
379 121 0 3
493 254 0 10
984 554 0 3
91 24 0 4
946 537 0 4
684 314 0 3
376 117 0 2
23 5 0 3
981 550 0 2
389 161 0 21
217 75 0 3
205 70 0 10
732 393 0 2
695 347 0 21
873 481 0 21
351 107 0 3
382 130 0 3
922 530 0 21
880 530 0 21
842 442 0 21
994 557 0 2
141 53 0 3
628 307 0 4
740 415 0 10
505 259 0 3
508 268 0 3
514 268 0 3
192 70 0 3
577 297 0 3
101
723 369 0 3
914 496 0 3
711 364 0 10
989 530 0 2
113 54 0 10
821 412 0 4
66 28 0 3
135 68 0 4
497 251 0 21
535 258 0 10
88 42 0 3
555 303 0 3
142 116 0 3
918 499 0 2
60 28 0 3
901 496 0 10
979 527 0 3
326 189 0 4
150 144 0 3
730 400 0 21
473 251 0 3
521 258 0 4
797 405 0 21
11 0 0 10
640 322 0 21
985 527 0 3
272 169 0 2
695 361 0 3
552 293 0 2
881 464 0 10
408 230 0 3
896 484 0 3
412 233 0 2
0 0 0 1
198 151 0 4
947 522 0 10
142 92 0 21
75 31 0 3
384 230 0 21
340 189 0 10
893 474 0 2
459 240 0 4
70 31 0 2
664 337 0 4
212 151 0 10
174 144 0 21
23 11 0 3
135 62 0 2
84 34 0 3
435 233 0 21
93 54 0 10
723 376 0 4
942 504 0 3
942 510 0 3
856 452 0 3
23 5 0 3
699 364 0 2
761 400 0 10
671 361 0 21
967 522 0 10
930 499 0 10
1001 530 0 10
131 59 0 3
275 173 0 3
377 206 0 4
278 182 0 3
79 34 0 2
28 23 0 10
248 156 0 21
147 128 0 10
1013 535 0 3
896 478 0 3
470 247 0 2
365 194 0 10
352 194 0 3
275 178 0 2
861 464 0 10
272 163 0 4
470 243 0 2
547 269 0 3
377 199 0 3
773 405 0 3
125 59 0 3
88 37 0 2
466 240 0 3
302 182 0 21
591 315 0 21
664 329 0 4
224 156 0 3
48 23 0 10
547 263 0 3
552 281 0 10
821 420 0 4
852 444 0 3
893 469 0 3
560 315 0 10
856 447 0 2
147 140 0 2
828 444 0 21
615 322 0 4
555 297 0 3
105
937 668 0 4
468 440 0 3
323 258 0 4
862 658 0 21
572 496 0 3
738 548 0 21
231 191 0 21
711 539 0 3
886 658 0 3
526 482 0 21
683 525 0 3
855 627 0 3
0 5 0 4
645 508 0 4
72 37 0 10
495 443 0 21
652 508 0 3
404 355 0 10
97 109 0 3
91 96 0 2
421 358 0 2
255 204 0 2
323 265 0 3
345 280 0 2
131 149 0 3
680 521 0 2
656 511 0 2
91 73 0 21
519 450 0 4
802 583 0 2
569 487 0 3
798 580 0 3
189 191 0 21
793 580 0 2
913 661 0 21
812 622 0 21
421 364 0 4
1010 707 0 4
683 530 0 2
686 534 0 3
392 295 0 4
767 574 0 10
714 548 0 3
944 700 0 21
84 42 0 3
597 501 0 3
341 277 0 3
35 32 0 2
97 114 0 2
299 251 0 21
805 591 0 3
802 587 0 2
263 226 0 10
428 388 0 21
94 100 0 3
135 152 0 2
986 700 0 21
711 544 0 2
107 149 0 21
84 49 0 4
472 443 0 2
569 492 0 2
459 437 0 3
328 277 0 10
780 574 0 3
428 413 0 4
680 516 0 3
100 118 0 3
668 511 0 10
621 501 0 21
0 0 0 1
805 598 0 4
557 482 0 10
399 319 0 21
100 125 0 4
585 496 0 10
417 355 0 3
937 676 0 4
890 661 0 2
519 458 0 4
47 32 0 10
182 159 0 4
699 534 0 10
268 251 0 10
7 29 0 21
463 440 0 2
263 239 0 3
399 343 0 3
255 198 0 4
789 577 0 3
59 37 0 3
435 437 0 21
31 29 0 3
258 208 0 3
843 622 0 10
258 214 0 3
762 562 0 3
784 577 0 2
158 152 0 21
182 167 0 4
855 634 0 4
94 105 0 2
392 287 0 4
762 555 0 4
368 280 0 21
105
538 297 0 2
103 55 0 21
83 19 0 3
473 253 0 3
140 61 0 2
824 541 0 10
27 7 0 21
881 615 0 21
541 301 0 3
487 281 0 3
601 327 0 3
0 3 0 2
711 351 0 21
606 339 0 10
177 83 0 3
675 346 0 10
447 242 0 4
136 58 0 3
982 661 0 2
77 19 0 3
312 194 0 21
770 393 0 2
735 366 0 4
240 112 0 3
958 648 0 21
345 197 0 3
735 358 0 4
514 284 0 21
65 14 0 10
245 130 0 10
985 672 0 4
461 242 0 10
777 423 0 21
182 95 0 10
87 22 0 2
808 472 0 3
491 284 0 2
305 162 0 4
3 7 0 3
165 72 0 10
0 0 0 1
237 108 0 2
982 655 0 4
245 143 0 3
544 310 0 3
770 399 0 4
1016 696 0 3
554 313 0 2
992 696 0 21
478 265 0 10
387 230 0 10
909 618 0 2
819 529 0 3
831 579 0 21
905 615 0 3
766 390 0 3
213 95 0 21
550 310 0 3
916 648 0 21
336 194 0 3
96 25 0 2
687 351 0 3
423 235 0 21
399 235 0 3
481 281 0 3
473 247 0 3
777 448 0 4
637 339 0 21
140 65 0 2
538 291 0 4
305 170 0 4
661 346 0 4
356 230 0 21
51 14 0 4
812 475 0 2
909 624 0 4
824 555 0 4
131 58 0 2
812 481 0 4
281 155 0 21
874 584 0 3
153 72 0 2
340 197 0 2
250 155 0 10
143 69 0 3
784 472 0 21
92 22 0 3
349 206 0 4
862 579 0 10
985 665 0 3
240 118 0 3
601 320 0 4
349 200 0 2
874 591 0 4
149 69 0 3
541 306 0 2
177 77 0 3
127 55 0 3
819 505 0 21
577 313 0 21
478 277 0 2
237 102 0 4
1020 699 0 2
96 31 0 4
742 390 0 21
