10
3
2 2 3
5
4 2 5 10 9
200
18 18 18 18 18 18 18 18 18 18 18 18 18 18 18 18 18 18 18 18 18 18 18 18 18 18 18 18 18 18 18 18 18 18 18 18 18 18 18 18 18 18 18 18 18 18 18 18 18 18 18 18 18 18 18 18 18 18 18 18 18 18 18 18 18 18 18 18 18 18 18 18 18 18 18 18 18 18 18 18 18 18 18 18 18 18 18 18 18 18 18 18 18 18 18 18 18 18 18 18 18 18 18 18 18 18 18 18 18 18 18 18 18 18 18 18 18 18 18 18 3 3 3 3 3 3 3 3 3 3 3 3 3 3 3 3 3 3 3 3 3 3 3 3 3 3 3 3 3 3 3 3 3 3 3 3 3 3 3 3 3 3 3 3 3 3 3 3 3 3 3 3 3 3 3 3 3 3 3 3 3 3 3 3 3 3 3 3 3 3 3 3 3 3 3 3 3 3 3 3
50
9871875 1 265639 2141139 1574265 643467 1171875 1729 391391 2100875 6328125 1594323 4505527 2499741 3530373 2499741 2278125 1594323 1178589 187473 4782969 9979281 4428675 551551 156249 9765 4782969 2363595 336567 2499741 1 418285 1956955 820125 646323 4428675 4782969 17081 85595 9984375 5215595 745085 9568125 4782969 7436429 623645 6293145 266133 4401597 305
50
2499999 3112725 2499741 2499735 1654653 840565 1594323 1240029 9973125 156249 2460375 9999450 986986 7109553 9446154 9922500 279930 572033 3380195 10000000 723695 4902247 9998964 3145728 370481 9988160 1269968 9875250 9447840 2641665 9979281 2421531 9998964 4849845 9998964 1953125 409045 3827250 690690 9437184 9961472 1747563 5923598 9998964 355511 2375680 3253965 552885 9998964 1376256
100
9961472 6290999 9565938 1247290 1942826 345345 2124694 4556250 7363554 9999999 5238618 9998964 4782969 1345890 3757820 3233230 8935130 1447390 7812500 9961472 1939938 1144780 9999360 5647362 9950850 9999990 1190189 9918531 2897310 9437184 9565938 5466571 9998964 1480740 4460390 7593750 4501875 9920232 9565938 9565938 9961472 7971615 9999693 9565938 9565938 4782969 2097152 848470 4721486 3188646 9998964 1097790 1074944 9999936 727818 9998964 7593750 9437184 3587010 9998964 9565938 9985162 3188646 9920232 2699697 2312167 648830 9999990 9999936 9871875 4782969 1030370 5308416 2900135 9999693 1240029 6803745 9565938 3392826 9998964 373065 9998964 9999990 350455 9999450 5159245 720896 4160240 2752512 1576614 7818690 9841500 9569521 4412044 6485908 3253965 9999990 1310720 256215 9999936
200
42 35 5 10 10 14 14 35 2 3 21 6 10 7 21 5 21 105 21 2 42 42 42 42 14 30 5 30 21 210 2 42 6 14 21 35 105 1 21 7 10 5 30 21 70 7 35 1 1 5 42 7 1 6 15 42 2 30 30 6 6 30 7 15 30 14 10 2 35 15 210 42 70 5 15 35 7 15 10 3 5 3 6 15 42 70 3 105 21 105 210 21 210 21 15 2 21 3 15 5 7 7 35 105 210 15 15 5 210 14 14 10 1 14 21 6 14 2 10 2 3 6 42 35 42 35 210 1 3 15 15 210 70 35 3 6 2 21 7 30 15 10 105 7 70 21 10 2 105 21 42 14 6 5 42 21 14 5 105 6 21 35 6 70 105 42 1 42 70 21 210 210 14 35 30 70 10 35 210 15 35 15 42 35 2 21 7 70 21 70 21 14 70 5 30 7 210 21 15 35
200
5 1 15 10 70 5 3 21 6 15 6 15 10 15 5 7 15 30 14 105 21 105 6 1 3 105 5 15 6 10 10 210 105 21 10 42 3 10 2 70 2 1 35 7 10 5 5 3 14 30 10 5 105 42 21 2 10 7 42 1 2 21 30 2 10 7 3 14 1 42 35 10 6 7 6 30 6 15 3 15 15 30 30 42 210 2 30 105 15 70 7 2 1 70 15 7 10 42 70 7 5 35 30 14 21 210 15 21 1 6 2 3 42 2 15 21 105 7 5 5 3 1 2 7 6 35 6 15 35 21 42 70 21 30 210 5 21 10 105 35 1 70 15 7 5 210 14 35 105 70 7 70 15 35 15 6 3 105 70 105 2 7 1 6 3 70 70 14 70 7 2 42 3 10 42 70 10 14 10 14 10 3 35 42 7 42 7 30 6 5 10 1 30 42 6 30 6 3 21 42
200
21 105 70 6 2 30 3 5 210 5 35 14 14 6 5 35 21 42 30 7 105 42 7 14 6 3 3 21 7 21 15 105 1 2 14 105 14 35 210 6 35 30 2 1 5 2 3 35 105 35 42 1 2 6 7 105 14 3 2 15 30 3 35 15 7 3 14 42 2 14 15 30 30 6 1 6 1 10 105 10 7 6 70 10 21 7 70 2 210 210 6 2 2 10 6 10 15 15 14 6 42 30 3 7 15 21 2 70 15 7 5 2 3 70 5 2 6 30 210 1 10 30 30 105 70 5 14 30 10 210 35 210 14 1 2 35 70 35 5 15 30 2 5 105 1 2 5 21 10 2 42 1 105 210 210 6 3 7 1 70 5 21 10 210 21 1 10 2 70 1 21 15 42 10 105 5 21 5 3 7 5 14 210 42 1 1 1 70 15 2 70 2 14 30 1 10 6 21 35 5
200
9565938 9565938 2306486 9998964 626262 9998964 626603 8365071 7593750 3932160 9996750 838695 9920232 7683753 3233230 9437184 9920232 9999936 310726 9900000 2070250 9841500 9998964 9646875 5500082 9565938 2615008 9975000 9565938 3117558 5253519 5278938 9999999 444106 1881607 1616615 5601466 9920232 9920232 7381125 9871875 730626 1853774 8110720 9998964 9920232 9841500 7031250 9568125 1190595 9979281 8388608 6285095 6109697 9956250 9998964 4376463 354445 9565938 2296294 9999936 9920232 1476225 9920232 9961472 501410 1312311 9998964 4782969 9565938 2236416 3750705 1156435 2844870 9993375 9999936 6697405 1009470 352495 3943830 9937500 9999936 9983358 9565938 9999990 4327554 5311735 1616615 405536 3796875 9998336 300390 275587 4428675 1002478 9437184 8539440 9999990 6291456 6291456 8126976 9841500 9998964 9565938 9998964 5590104 578305 9922500 9920232 448514 7844067 1612758 9998964 718865 9444435 1077205 2479814 9765625 374187 1986790 1951642 1592129 8388608 9999990 9951744 3607098 2523136 714705 9998964 2531250 6463230 9196915 4782969 9920232 9999375 7971615 9832095 5505024 4849845 2011542 9994590 9998964 1835008 9998964 5799565 434217 8203125 4782969 1437730 9799820 9823275 899990 1879809 719355 9932625 435435 7659520 9375000 9920232 9999936 960498 9998964 9411920 7077888 5462275 9994240 3392826 746130 3779136 9999936 2881946 2514038 8413504 859395 4065278 9565938 9999990 2306486 4218750 9979281 9565938 4018443 690690 9994240 9720000 4782969 9978605 9999936 903210 10000000 9984000 7723454 1067430 519593 9969765 4422210 9920232 3354182 9979281 10000000
