10
12
10 18 10 10 10 18 15 15 15 18 15 15
5
4 2 5 10 9
5
3 6 9 12 15
20
23 7 27 33 15 27 15 75 27 7 27 11 1 21 15 3 1 9 7 33
20
27 5 15 81 9 25 15 21 25 81 27 21 100 27 26 14 65 49 63 72
20
42 96 20 15 27 15 33 6 70 40 30 27 30 96 77 56 38 99 81 42
20
30 39 10 70 10 10 55 14 10 33 30 14 22 91 38 35 15 22 17 42
20
11 15 21 70 15 30 42 17 85 10 39 42 15 42 10 11 15 35 14 22
20
100 81 81 55 99 99 70 25 33 15 18 20 35 100 33 96 54 55 96 55
20
20 30 21 64 23 54 65 58 96 14 48 15 72 81 10 35 15 39 50 10
