10
3 1
1 3 100
2 10 20
2 20 30
20
1000 26
2 1791 1796
2 1798 1801
2 1790 1798
2 1800 1803
2 1790 1792
2 1796 1800
2 1800 1804
2 1793 1799
2 1791 1800
2 1799 1808
2 1793 1797
2 1790 1791
2 1797 1804
2 1799 1805
2 1795 1805
2 1798 1800
2 1791 1800
2 1791 1796
2 1796 1802
2 1794 1798
2 1799 1805
2 1799 1807
2 1800 1807
2 1797 1800
2 1800 1805
2 1798 1801
2 1795 1797
2 1795 1804
2 1799 1807
2 1796 1801
2 1798 1805
2 1792 1796
2 1792 1795
2 1793 1794
2 1790 1791
2 1790 1798
2 1797 1802
2 1800 1801
2 1794 1800
2 1790 1797
2 1790 1800
2 1791 1798
2 1794 1798
2 1797 1798
2 1791 1794
2 1796 1804
2 1796 1803
2 1794 1795
2 1798 1805
2 1798 1806
2 1793 1802
2 1797 1805
2 1796 1806
2 1790 1798
2 1793 1801
2 1795 1800
2 1791 1799
2 1793 1794
2 1796 1801
2 1792 1801
2 1799 1805
2 1793 1802
2 1795 1803
2 1797 1806
2 1799 1809
2 1790 1794
2 1799 1806
2 1795 1805
2 1797 1804
2 1794 1799
2 1793 1794
2 1793 1795
2 1790 1797
2 1798 1803
2 1790 1792
2 1795 1802
2 1796 1806
2 1794 1802
2 1794 1799
2 1797 1798
2 1797 1799
2 1792 1798
2 1799 1809
2 1798 1802
2 1796 1798
2 1798 1801
2 1798 1804
2 1792 1796
2 1795 1801
2 1796 1797
2 1800 1803
2 1794 1798
2 1793 1803
2 1793 1802
2 1791 1800
2 1797 1802
2 1799 1806
2 1794 1798
2 1792 1797
2 1793 1801
2 1797 1801
2 1790 1794
2 1791 1794
2 1792 1802
2 1792 1801
2 1796 1801
2 1792 1795
2 1790 1796
2 1794 1796
2 1799 1808
2 1797 1798
2 1795 1803
2 1792 1798
2 1798 1803
2 1791 1795
2 1800 1810
2 1799 1808
2 1795 1799
2 1790 1800
2 1792 1795
2 1795 1798
2 1793 1798
2 1794 1796
2 1800 1808
2 1796 1799
2 1796 1799
2 1795 1803
2 1794 1798
2 1797 1806
2 1799 1803
2 1798 1802
2 1799 1807
2 1796 1805
2 1796 1803
2 1800 1803
2 1799 1809
2 1794 1797
2 1794 1796
2 1799 1801
2 1796 1801
2 1790 1796
2 1794 1801
2 1794 1800
2 1796 1804
2 1800 1801
2 1793 1796
2 1796 1799
2 1793 1802
2 1791 1797
2 1796 1798
2 1798 1802
2 1790 1797
2 1792 1797
2 1790 1798
2 1793 1802
2 1792 1793
2 1790 1796
2 1791 1797
2 1794 1803
2 1794 1804
2 1792 1800
2 1799 1800
2 1792 1796
2 1798 1800
2 1795 1802
2 1792 1799
2 1794 1796
2 1792 1801
2 1797 1807
2 1795 1798
2 1790 1793
2 1792 1801
2 1792 1795
2 1797 1807
2 1800 1805
2 1794 1798
2 1800 1802
2 1796 1798
2 1790 1792
2 1798 1806
2 1796 1804
2 1799 1803
2 1792 1800
2 1790 1791
2 1791 1800
2 1794 1797
2 1795 1805
1 1 3600
2 1798 1803
2 1791 1794
2 1796 1804
2 1791 1800
2 1798 1802
2 1790 1799
2 1793 1800
2 1799 1800
2 1794 1802
2 1792 1793
2 1791 1801
2 1795 1800
2 1797 1800
2 1796 1804
2 1795 1805
2 1792 1797
2 1800 1803
2 1795 1798
2 1796 1799
2 1792 1793
2 1800 1805
2 1800 1807
2 1800 1810
2 1796 1799
2 1790 1795
2 1800 1810
2 1794 1802
2 1792 1796
2 1791 1801
2 1791 1801
2 1798 1801
2 1798 1800
2 1796 1801
2 1792 1798
2 1795 1800
2 1794 1797
2 1796 1805
2 1799 1801
2 1798 1801
2 1794 1802
2 1793 1799
2 1793 1796
2 1798 1802
2 1791 1798
2 1794 1801
2 1791 1800
2 1790 1792
2 1800 1805
2 1795 1803
2 1800 1801
2 1800 1804
2 1792 1793
2 1791 1793
2 1790 1791
2 1795 1805
2 1793 1803
2 1797 1804
2 1799 1800
2 1792 1797
2 1791 1800
2 1791 1800
2 1792 1794
2 1797 1800
2 1790 1793
2 1791 1798
2 1792 1800
2 1800 1803
2 1795 1804
2 1797 1806
2 1798 1807
2 1800 1809
2 1795 1802
2 1790 1794
2 1794 1799
2 1793 1797
2 1796 1803
2 1794 1796
2 1790 1793
2 1795 1799
2 1793 1797
2 1791 1793
2 1795 1798
2 1794 1804
2 1791 1795
2 1798 1801
2 1797 1800
2 1793 1799
2 1796 1800
2 1795 1796
2 1795 1798
2 1800 1806
2 1790 1794
2 1793 1801
2 1795 1797
2 1792 1802
2 1799 1802
2 1795 1801
2 1792 1800
2 1800 1807
2 1792 1796
2 1790 1796
2 1790 1796
2 1796 1801
2 1796 1806
2 1791 1792
2 1794 1804
2 1795 1799
2 1790 1800
2 1797 1804
2 1792 1794
2 1798 1805
2 1794 1803
2 1793 1803
2 1797 1798
2 1793 1796
2 1790 1799
2 1791 1801
2 1799 1809
2 1792 1802
2 1796 1802
2 1800 1805
2 1799 1800
2 1795 1800
2 1794 1797
2 1799 1805
2 1795 1801
2 1795 1804
2 1790 1794
2 1792 1793
2 1791 1796
2 1800 1802
2 1798 1806
2 1794 1796
2 1790 1799
2 1797 1807
2 1796 1797
2 1795 1798
2 1798 1799
2 1790 1791
2 1791 1794
2 1796 1803
2 1790 1799
2 1790 1800
2 1797 1800
2 1791 1795
2 1793 1796
2 1793 1797
2 1792 1794
2 1791 1799
2 1791 1796
2 1797 1800
2 1793 1798
2 1793 1798
2 1795 1796
2 1798 1804
2 1792 1799
2 1797 1805
2 1795 1800
2 1792 1794
2 1793 1801
2 1796 1797
2 1797 1803
2 1794 1803
2 1791 1795
2 1799 1800
2 1792 1801
2 1796 1806
2 1790 1791
2 1797 1805
2 1790 1794
2 1798 1802
2 1792 1800
2 1792 1797
2 1791 1799
2 1792 1798
2 1797 1805
2 1798 1805
2 1791 1799
2 1794 1802
2 1799 1805
2 1797 1801
2 1790 1795
2 1797 1804
2 1792 1796
2 1792 1797
2 1793 1803
2 1792 1795
2 1794 1799
2 1796 1803
2 1794 1802
2 1792 1794
2 1791 1801
2 1792 1800
2 1792 1797
2 1792 1802
2 1798 1807
2 1799 1800
2 1790 1791
2 1794 1797
2 1799 1806
2 1794 1801
2 1794 1804
2 1796 1798
2 1798 1800
2 1799 1808
2 1791 1793
2 1799 1804
2 1792 1794
2 1791 1800
2 1793 1797
2 1794 1797
2 1793 1794
2 1799 1801
2 1794 1800
2 1797 1798
2 1795 1801
2 1790 1800
2 1800 1809
2 1790 1800
2 1796 1800
2 1796 1805
2 1793 1794
2 1790 1791
2 1794 1799
2 1792 1794
2 1792 1801
2 1800 1805
2 1796 1805
2 1800 1806
2 1795 1802
2 1800 1806
2 1795 1801
2 1793 1797
2 1799 1805
2 1796 1797
2 1790 1800
2 1800 1805
2 1797 1806
2 1798 1808
2 1794 1798
2 1796 1798
2 1799 1804
2 1791 1792
2 1792 1795
2 1796 1801
2 1800 1805
2 1795 1798
2 1792 1796
2 1800 1804
2 1796 1806
2 1791 1800
2 1794 1798
2 1799 1801
2 1796 1802
2 1794 1802
2 1793 1797
2 1790 1791
2 1794 1797
2 1799 1802
2 1800 1807
2 1790 1793
2 1793 1795
2 1794 1797
2 1800 1809
2 1798 1801
2 1790 1799
2 1798 1801
2 1792 1795
2 1800 1806
2 1792 1795
2 1790 1796
2 1795 1801
2 1791 1794
2 1799 1807
2 1796 1797
2 1799 1804
2 1792 1796
2 1791 1799
2 1790 1797
2 1798 1804
2 1791 1793
2 1792 1794
2 1798 1808
2 1791 1796
2 1797 1799
2 1794 1801
2 1792 1798
2 1798 1803
2 1794 1803
2 1791 1794
2 1797 1807
2 1798 1807
2 1795 1803
2 1798 1802
2 1798 1799
2 1800 1804
2 1800 1806
2 1798 1803
2 1794 1803
2 1794 1800
2 1795 1798
2 1797 1807
2 1795 1802
2 1792 1798
2 1790 1799
2 1791 1793
2 1799 1804
2 1798 1808
2 1791 1793
2 1795 1799
2 1796 1798
2 1799 1804
2 1796 1800
2 1792 1794
2 1797 1800
2 1799 1809
2 1797 1800
2 1798 1807
2 1795 1796
2 1794 1803
2 1790 1800
2 1800 1806
2 1792 1802
2 1795 1805
2 1791 1797
2 1798 1807
2 1797 1802
2 1792 1802
2 1797 1804
2 1791 1798
2 1790 1793
2 1794 1796
2 1797 1805
2 1798 1805
2 1792 1794
2 1797 1807
2 1796 1804
2 1797 1798
2 1798 1805
2 1797 1799
2 1798 1803
2 1795 1804
2 1797 1806
2 1792 1800
2 1790 1799
2 1795 1803
2 1793 1795
2 1797 1805
2 1800 1801
2 1790 1792
2 1800 1804
2 1800 1803
2 1790 1795
2 1794 1801
2 1796 1801
2 1792 1794
2 1794 1796
2 1791 1798
2 1791 1793
2 1792 1794
2 1790 1796
2 1796 1800
2 1792 1801
2 1800 1803
2 1798 1803
2 1791 1800
2 1796 1804
2 1791 1792
2 1790 1795
2 1794 1803
2 1791 1798
2 1792 1793
2 1798 1803
2 1795 1798
2 1793 1798
2 1794 1799
2 1800 1806
2 1796 1802
2 1795 1805
2 1795 1799
2 1798 1803
2 1795 1804
2 1796 1801
2 1792 1797
2 1796 1799
2 1796 1800
2 1796 1798
2 1796 1805
2 1791 1793
2 1792 1801
2 1790 1800
2 1800 1801
2 1798 1808
2 1796 1806
2 1794 1804
2 1796 1803
2 1792 1798
2 1797 1807
2 1799 1804
2 1790 1791
2 1792 1797
2 1793 1796
2 1796 1801
2 1796 1805
2 1794 1797
2 1797 1798
2 1800 1810
2 1791 1796
2 1790 1792
2 1793 1795
2 1790 1792
2 1797 1802
2 1799 1803
2 1794 1799
2 1796 1804
2 1794 1801
2 1797 1801
2 1796 1797
2 1794 1803
2 1795 1802
2 1800 1806
2 1790 1794
2 1795 1803
2 1793 1796
2 1798 1801
2 1797 1798
2 1798 1801
2 1797 1798
2 1797 1798
2 1795 1803
2 1798 1804
2 1795 1805
2 1795 1798
2 1795 1802
2 1796 1806
2 1795 1805
2 1792 1802
2 1800 1801
2 1791 1800
2 1799 1803
2 1794 1799
2 1798 1807
2 1791 1800
2 1800 1807
2 1800 1809
2 1798 1804
2 1799 1800
2 1795 1796
2 1798 1803
2 1798 1800
2 1791 1800
2 1791 1794
2 1792 1797
2 1790 1794
2 1799 1802
2 1796 1800
2 1795 1802
2 1798 1803
2 1800 1809
2 1792 1801
2 1799 1804
2 1793 1796
2 1791 1792
2 1795 1801
2 1797 1802
2 1799 1802
2 1794 1799
2 1797 1806
2 1799 1806
2 1794 1795
2 1796 1798
2 1794 1800
2 1790 1797
2 1794 1801
2 1799 1807
2 1798 1803
2 1796 1797
2 1797 1803
2 1790 1795
2 1796 1799
2 1795 1800
2 1798 1806
2 1790 1796
2 1795 1801
2 1800 1805
2 1791 1799
2 1791 1793
2 1799 1808
2 1792 1795
2 1799 1801
2 1792 1798
2 1795 1802
2 1798 1800
2 1793 1800
2 1800 1801
2 1790 1791
2 1791 1792
2 1790 1799
2 1794 1799
2 1796 1801
2 1791 1795
2 1798 1806
2 1792 1796
2 1798 1808
2 1797 1802
2 1796 1797
2 1796 1799
2 1791 1794
2 1796 1799
2 1793 1798
2 1792 1800
2 1790 1794
2 1794 1799
2 1792 1797
2 1790 1793
2 1795 1799
2 1797 1805
2 1800 1807
2 1799 1805
2 1800 1810
2 1790 1792
2 1799 1804
2 1792 1796
2 1800 1802
2 1793 1802
2 1791 1796
2 1800 1806
2 1793 1794
2 1796 1804
2 1797 1806
2 1793 1799
2 1798 1806
2 1797 1799
2 1799 1802
2 1792 1798
2 1800 1809
2 1791 1796
2 1791 1797
2 1799 1800
2 1796 1800
2 1790 1799
2 1799 1809
2 1800 1803
2 1791 1792
2 1790 1794
2 1793 1797
2 1799 1807
2 1798 1799
2 1796 1805
2 1790 1792
2 1797 1807
2 1799 1805
2 1795 1801
2 1799 1805
2 1793 1803
2 1790 1797
2 1793 1798
2 1797 1805
2 1799 1801
2 1793 1801
2 1798 1803
2 1800 1808
2 1798 1808
2 1792 1801
2 1794 1803
2 1790 1793
2 1797 1799
2 1795 1798
2 1795 1802
2 1792 1800
2 1791 1794
2 1798 1799
2 1795 1804
2 1792 1794
2 1799 1804
2 1796 1798
2 1797 1805
2 1797 1798
2 1793 1796
2 1798 1804
2 1792 1802
2 1798 1802
2 1800 1802
2 1794 1798
2 1792 1800
2 1792 1798
2 1800 1806
2 1800 1806
2 1791 1792
2 1790 1799
2 1792 1798
2 1800 1809
2 1794 1797
2 1800 1804
2 1797 1807
2 1794 1800
2 1794 1804
2 1794 1801
2 1795 1798
2 1796 1803
2 1798 1807
2 1799 1806
2 1795 1803
2 1792 1799
2 1799 1801
2 1792 1800
2 1795 1797
2 1791 1796
2 1800 1807
2 1796 1798
2 1792 1795
2 1795 1802
2 1795 1805
2 1797 1799
2 1792 1797
2 1799 1805
2 1795 1799
2 1798 1799
2 1795 1798
2 1792 1802
2 1794 1802
2 1795 1796
2 1795 1797
2 1794 1799
2 1795 1798
2 1800 1809
2 1792 1800
2 1791 1794
2 1792 1795
2 1800 1807
2 1796 1798
2 1792 1795
2 1799 1807
2 1796 1804
2 1796 1806
2 1799 1804
2 1796 1805
2 1795 1805
2 1795 1801
2 1794 1801
2 1796 1800
2 1792 1793
2 1793 1796
2 1791 1794
2 1796 1801
2 1794 1799
2 1790 1791
2 1795 1802
2 1793 1799
2 1798 1807
2 1800 1801
2 1790 1791
2 1798 1801
2 1792 1797
2 1796 1804
2 1795 1800
2 1792 1797
2 1793 1800
2 1800 1801
2 1798 1805
2 1799 1803
2 1790 1799
2 1792 1802
2 1791 1794
2 1795 1798
2 1799 1806
2 1790 1798
2 1795 1801
2 1798 1801
2 1792 1793
2 1797 1801
2 1797 1805
2 1796 1805
2 1790 1793
2 1799 1807
2 1791 1798
2 1792 1797
2 1791 1800
2 1800 1802
2 1794 1796
2 1799 1807
2 1790 1796
2 1791 1796
2 1796 1805
2 1792 1793
2 1798 1799
2 1792 1799
2 1799 1800
2 1795 1801
2 1792 1793
2 1799 1807
2 1799 1805
2 1794 1798
2 1792 1796
2 1793 1803
2 1791 1800
2 1796 1802
2 1793 1797
2 1792 1794
2 1797 1805
2 1793 1801
2 1790 1794
2 1800 1805
2 1798 1799
2 1799 1804
2 1792 1793
2 1800 1804
2 1792 1798
2 1790 1797
2 1795 1799
2 1795 1798
2 1798 1804
2 1792 1795
2 1793 1801
2 1791 1794
2 1795 1796
2 1797 1798
2 1792 1798
2 1798 1805
2 1796 1801
2 1795 1797
2 1790 1800
2 1800 1804
2 1794 1801
2 1792 1802
2 1796 1806
2 1796 1799
2 1794 1799
2 1796 1806
2 1795 1797
2 1791 1792
2 1793 1800
2 1791 1793
2 1796 1805
2 1798 1806
2 1797 1798
2 1793 1799
2 1793 1798
2 1796 1801
2 1797 1805
2 1793 1800
2 1798 1799
2 1800 1802
2 1793 1801
2 1796 1800
2 1790 1792
2 1800 1803
2 1790 1792
2 1790 1797
2 1796 1803
2 1800 1804
2 1797 1804
2 1799 1808
2 1798 1801
2 1796 1800
2 1791 1796
2 1794 1804
2 1799 1805
2 1796 1802
2 1797 1806
2 1791 1794
2 1797 1805
2 1800 1801
2 1799 1808
2 1794 1796
2 1793 1799
2 1800 1808
2 1797 1803
2 1791 1799
2 1799 1802
2 1797 1803
2 1796 1804
2 1796 1798
2 1794 1797
2 1796 1797
2 1797 1802
2 1792 1799
2 1798 1803
2 1790 1798
2 1791 1792
2 1795 1800
2 1798 1801
2 1799 1803
2 1796 1798
2 1797 1798
2 1795 1799
2 1798 1805
2 1794 1796
2 1800 1810
2 1790 1792
2 1795 1801
2 1790 1797
2 1798 1802
2 1792 1802
2 1794 1801
2 1794 1800
2 1796 1798
2 1793 1801
2 1799 1805
2 1794 1797
2 1794 1803
2 1790 1799
2 1790 1794
2 1794 1801
2 1790 1796
2 1791 1796
2 1793 1802
2 1791 1800
2 1800 1804
2 1791 1797
2 1795 1804
2 1797 1806
1790
90
1806
1800
1796
1802
1803
1797
1798
839
1789
1831
1794
1791
1804
1809
602
1801
1793
1810
1792
1799
1807
1795
1808
1805
1000 26
2 785 886
1 167 545
2 443 1769
2 95 1786
2 246 1660
2 1029 1402
2 1977 2917
1 2001 2082
2 2002 3039
1 474 2961
2 568 3344
1 34 3449
2 1861 2478
2 181 2608
1 843 2078
1 247 2266
1 2139 2417
1 2790 3351
1 962 2894
2 1192 3245
1 93 1080
2 1359 2287
1 817 1543
1 3159 3472
2 320 3221
2 2312 3345
2 464 1877
2 120 3345
2 735 1748
2 1012 2550
2 1629 2649
2 2662 3171
1 115 987
2 1049 1849
1 808 1045
1 1873 2264
2 2407 2643
1 1042 1317
1 832 3297
1 1032 2585
2 473 3320
1 720 2747
2 1874 3364
2 757 2159
1 38 3023
2 926 3575
1 1491 1707
1 993 2396
1 1012 1771
1 579 1783
1 1778 2833
2 517 2777
2 2999 3279
2 231 3187
2 1713 1856
2 108 1635
1 1731 3096
1 80 2262
2 537 3256
1 2253 3139
1 875 1752
2 95 2140
1 1459 1823
1 318 2995
2 924 2244
1 1537 2160
1 2233 2530
2 444 1641
1 1094 2014
1 679 2063
1 101 3598
1 520 2076
2 1271 2592
1 921 1529
2 172 2239
1 1642 2911
2 2251 2809
1 124 800
2 282 2016
1 211 366
1 3035 3535
1 1169 2687
2 326 2575
1 60 796
1 1369 3484
1 1365 3504
1 704 1531
2 1034 1773
1 2384 2634
2 986 1883
2 2214 2850
1 1577 2703
1 2490 2844
2 956 3018
2 32 205
2 2396 3100
2 1113 3384
2 1677 3447
1 132 2520
2 39 2291
1 446 3276
2 1287 2790
2 848 2859
2 1413 2818
2 549 1100
1 454 1637
1 814 1369
2 870 1981
2 1773 2276
2 1591 2831
1 2443 2905
2 845 1907
2 2467 3041
2 146 1322
1 2176 3169
2 2096 3032
1 2131 3497
1 2170 2840
2 2325 2950
2 1734 2921
2 1380 1758
2 716 2357
2 299 2076
1 2231 2431
1 130 1144
1 928 3247
1 2401 3120
1 1500 3259
2 870 2244
2 2136 2522
1 221 2605
2 511 1479
2 2361 3087
1 527 920
1 1153 1169
1 1684 2960
1 1520 2851
2 1220 1763
2 1776 3366
1 572 3506
2 2558 2740
1 535 2916
1 1326 2699
1 303 2397
2 180 3313
2 3060 3487
1 2454 2899
1 754 3016
1 572 3143
2 653 2853
1 201 639
2 1294 1685
2 2830 3452
1 56 433
1 415 3582
1 539 3176
2 829 2160
2 940 3212
1 1812 3403
2 2907 3593
2 1468 3582
1 391 1640
2 644 3375
2 2474 2970
2 677 2064
2 2583 3531
2 486 3059
2 825 2725
2 620 2757
2 1281 1326
1 1746 2484
1 1034 2073
2 246 3529
1 1183 3086
2 3030 3386
1 2267 2609
1 1093 1969
1 1361 2520
1 1148 2684
2 429 745
2 322 429
2 3326 3591
1 166 3351
2 78 88
2 762 1134
1 191 1933
1 404 2405
1 302 1844
2 95 2059
2 696 2761
2 2223 2699
1 825 2230
2 1709 2095
2 134 1531
2 1085 2775
2 1606 3351
2 535 2726
1 1088 1819
2 611 1127
2 808 2377
1 114 2382
2 1208 2950
2 150 1677
1 1386 2464
2 2545 2987
1 986 1566
1 684 1933
1 1202 3041
1 1602 2145
2 260 2033
1 1137 2644
1 797 3356
2 2128 3300
2 289 356
1 261 1634
2 1197 2295
2 370 3413
2 1667 3259
1 13 697
2 1897 2496
1 2741 3297
1 685 699
1 730 2211
2 1833 2966
1 1485 1740
2 1029 2774
1 1655 2443
1 1317 2035
1 824 1578
1 2672 3408
1 61 1460
2 2060 3473
2 1130 1654
2 2401 2543
1 159 1848
2 777 2303
1 1286 2411
1 2605 3179
2 1003 1992
1 169 1747
1 1533 2160
1 676 3349
1 2312 2508
2 1607 2662
2 2222 2297
1 1073 3595
1 640 1070
2 671 2877
2 2547 3219
1 385 1313
1 2326 2993
2 1981 3528
2 136 2768
1 676 758
2 246 1898
1 1331 2243
2 1777 2883
2 565 3294
2 1036 2009
2 1317 2837
1 993 1603
2 777 1072
1 3104 3264
1 1026 1934
1 219 2098
2 1294 3267
2 1838 2671
2 482 1052
2 643 3123
2 97 2547
2 1212 1757
2 1155 1944
1 445 1641
1 2145 2660
2 1048 2968
2 1838 2270
1 126 968
1 2962 3338
1 302 1386
1 222 3522
2 1545 2397
2 725 1329
1 1434 2764
2 1510 1685
2 2402 2621
1 761 2930
2 658 1785
1 1748 2496
2 1100 1835
2 365 705
2 2469 3440
1 1553 3057
1 943 2989
2 371 1274
1 785 2806
2 2761 2863
1 2591 3359
2 1686 2853
1 372 3384
2 437 783
1 1292 1394
2 2864 2900
1 1427 1880
1 3262 3280
2 2045 3546
2 300 2920
1 1707 1712
1 1580 3054
2 2431 2713
1 376 2886
1 1387 2929
2 1474 2881
2 955 1461
1 69 2281
1 2367 3109
2 145 1051
1 1898 2965
2 1496 2054
2 795 1202
2 3023 3301
2 209 1661
2 339 2853
2 99 3291
2 413 1536
1 532 2496
2 840 1886
2 2779 3575
2 570 1021
2 1596 1870
2 941 1186
2 899 1028
2 2108 3452
2 241 432
1 381 1269
1 666 1461
2 103 168
2 1829 2408
2 776 1550
1 609 2701
2 848 1285
1 2129 2308
1 1189 2803
2 613 1151
2 955 1931
1 2918 2984
1 2131 2328
2 179 2500
1 1743 2925
1 1410 3314
1 91 2215
1 1915 2616
1 941 3290
1 69 3197
2 1597 3218
2 517 2183
2 1905 3093
2 3237 3384
2 1138 1941
2 3306 3504
2 1993 3576
2 132 2705
2 3164 3465
2 555 1113
2 235 2987
1 1762 3120
1 70 2722
2 1995 2726
1 228 1628
1 1986 3415
1 1287 2359
1 1095 3250
2 1913 2316
1 3097 3362
2 34 1774
1 268 1353
1 2885 3144
1 249 984
1 2323 2658
1 1357 3043
2 1681 1912
2 186 1377
2 86 1616
2 1708 3002
2 2094 2653
2 647 2957
1 1986 2737
1 2203 3366
1 1500 3520
2 578 2143
2 66 1317
2 751 1515
1 961 3434
1 241 777
1 3409 3570
2 1410 3097
2 507 2781
1 2167 3035
2 249 1228
2 1265 1920
2 194 647
1 533 2546
2 2634 2963
1 957 3243
2 1894 2598
2 777 1652
2 3275 3534
1 516 3560
1 1066 1811
2 1363 1912
2 2686 3508
2 814 3414
2 2524 2532
1 232 3502
2 439 2630
1 2256 2582
1 47 1805
2 2409 2760
2 883 2409
2 610 2896
1 1590 3190
2 2162 3222
2 315 1223
2 2378 2502
1 189 1817
2 2114 3023
1 573 1172
1 93 744
2 1882 2740
1 131 2577
1 837 1364
2 3080 3587
1 800 2484
1 2769 3528
1 445 1235
1 630 3214
1 1355 1413
2 86 3535
2 2387 2751
1 2907 3124
2 2710 3047
2 710 1860
1 813 1062
1 3137 3336
2 1345 1954
2 1649 1898
1 723 3341
2 1406 2155
2 1415 3329
2 292 1150
1 685 1734
1 1822 2665
1 1645 2204
1 374 906
2 2895 3414
2 2424 3318
1 875 3542
2 384 2968
2 147 1155
2 2004 3535
1 928 1188
2 29 470
2 50 491
2 1134 1464
1 46 105
1 1045 2944
2 209 3176
1 777 2043
2 1697 1803
2 1022 1245
1 449 1333
2 1828 2691
1 1923 3344
2 2763 3172
2 3057 3191
2 1185 3423
1 791 1554
2 2346 3122
1 2499 3240
1 1656 2549
1 2084 2999
1 393 3583
2 1401 3517
1 1018 3194
1 257 1972
1 2 2025
2 1378 2054
1 537 2032
1 458 1651
1 201 2932
1 2040 2654
2 824 2887
2 1030 1649
2 560 2870
2 296 842
2 213 3176
1 124 182
2 333 1332
1 602 892
1 661 1533
1 943 2626
2 261 698
2 236 1557
2 1728 2841
1 1973 2376
2 1861 2098
2 76 1316
1 154 1070
1 1575 2086
2 2618 3036
1 564 716
1 1882 3219
2 724 1783
1 1105 3115
2 1631 3150
1 1636 2954
1 2847 3053
1 871 3458
1 1038 2686
2 1210 2090
1 2804 3061
2 1667 3350
1 25 1282
2 2285 2293
1 1891 2659
1 70 2408
1 107 1940
2 2514 3598
2 301 1488
2 587 691
1 319 3296
2 239 1853
2 2231 2610
1 297 2873
1 2060 3183
2 1853 2019
2 274 557
1 1407 2977
2 1536 2809
1 880 3351
2 843 2605
1 2734 3364
1 454 1170
2 1131 2582
1 3124 3466
2 889 1046
2 1281 1813
2 2796 2880
2 2740 2763
1 2459 2682
1 1004 2178
2 665 1019
1 266 1515
1 2122 2205
2 17 3466
2 1175 3144
1 1003 3431
2 579 3222
1 397 3161
2 2402 2594
1 145 2326
2 400 3088
1 1770 2883
2 436 3048
2 314 1400
1 486 2333
1 2129 3085
2 928 2882
1 522 3019
2 477 2594
2 558 2333
2 845 1850
1 150 859
1 610 1171
2 1288 2780
1 2081 3307
2 2524 3274
2 1429 2404
1 1376 2021
1 771 3075
1 3180 3530
1 1365 1670
1 2922 3412
2 2251 2605
1 633 785
2 980 2803
1 152 734
2 135 3567
2 1240 2858
1 827 1478
1 548 3433
2 386 979
2 571 2850
1 312 1951
1 963 2141
2 2342 2781
1 597 2739
1 369 2672
2 803 1345
1 1284 1316
1 1702 2272
2 1284 2964
2 538 1220
2 796 884
2 97 1954
1 3105 3574
2 2242 2558
2 1033 1476
1 957 2954
2 942 1709
1 748 1572
2 2701 3112
2 2868 3143
2 326 2778
1 202 454
1 491 2235
2 165 618
1 1725 3046
1 1809 2588
2 126 348
2 2993 3568
1 61 155
1 354 2727
1 2332 2993
1 1541 2549
1 2210 3468
1 940 1187
1 260 1747
2 526 1035
2 39 1093
1 134 1471
2 1664 2541
2 1469 3344
2 3192 3367
2 1091 3145
2 197 2506
1 196 3138
1 301 732
1 555 2001
2 1713 2393
2 1240 3130
2 2247 2581
1 1284 3552
2 731 3111
2 2896 3345
2 70 2559
2 2148 2514
1 1650 2472
2 883 3390
2 2833 3415
2 1178 2828
2 2379 2490
2 192 3114
1 274 1950
1 509 3459
2 1342 3244
2 264 1037
2 1460 2569
2 1506 3047
1 950 2432
1 35 1722
2 1648 1794
1 753 2027
2 141 308
1 1849 2985
1 663 2096
1 81 1005
2 827 1956
1 1310 1733
1 2101 2243
1 331 3529
2 2413 2835
2 1743 2067
1 1619 2025
1 524 740
2 1058 2538
1 821 1303
1 799 2182
1 2258 2305
1 1152 2437
1 1834 3119
2 2033 3107
2 1384 2737
1 2278 2410
1 2868 2974
2 2602 3132
2 410 1830
2 1982 2854
1 1788 2323
1 2196 2578
1 1481 3202
1 424 1608
1 818 3006
1 1144 2363
2 2382 3451
1 1941 2417
1 287 2265
2 2158 2354
2 637 3503
1 401 3204
1 279 432
1 645 2353
1 1717 2542
2 1851 2889
1 305 2911
2 1027 1172
2 100 3293
1 972 2211
2 1975 2594
1 744 1975
1 2714 3288
1 548 3057
1 2439 3539
1 853 1181
1 238 2092
2 1470 3062
2 1022 1258
2 1566 3210
2 2605 3439
1 643 649
1 869 2580
1 731 2196
1 7 1785
1 160 456
1 1485 2318
1 224 725
1 1596 2675
1 986 2610
2 568 1262
2 2791 3000
1 1515 2649
2 578 2103
2 1244 1346
1 1628 1988
1 1466 2313
2 1375 3041
2 725 2263
2 586 1469
1 978 1782
2 830 1758
2 1640 2818
2 1888 2355
2 838 1996
1 417 2400
2 429 2255
1 1929 3386
2 366 1684
1 1188 2121
2 1544 2439
1 860 1608
1 632 1240
2 45 164
1 1000 1696
2 684 2275
1 2746 3403
2 2472 2698
2 2484 2720
2 2039 2707
1 318 1294
1 131 2685
1 613 959
1 538 3319
2 788 3000
1 588 1572
1 355 2512
1 2264 2456
2 324 1096
1 888 2714
2 982 2860
2 1385 1749
1 214 560
2 1031 3372
1 2354 3075
2 143 3248
2 1435 1472
2 492 2477
2 1507 2016
1 1254 2129
1 362 2081
2 556 1510
2 447 1570
2 738 3586
2 239 2342
2 520 1359
1 1612 2687
1 1884 2191
1 816 1593
2 699 2260
2 2927 3445
1 904 1444
1 484 3420
1 1832 1905
1 122 3436
1 361 1668
2 2868 3538
2 280 2533
1 2361 2983
1 670 2513
2 408 492
2 756 3247
1 867 1445
2 35 60
1 659 1774
2 479 1289
1 401 2149
2 953 1275
1 694 1257
1 1529 2274
1 2091 3165
1 1103 2631
1 2969 3546
1 1696 2829
2 1636 1959
1 72 1898
2 323 2256
1 1554 1990
1 456 1551
1 2032 2412
2 1540 2661
1 1982 2385
2 1689 2410
1 2589 2926
2 1025 3228
1 1435 2277
2 2450 2484
2 85 1107
1 1423 2670
1 137 3382
2 2701 3478
1 489 2185
2 1403 1996
1 2242 3137
2 1833 2662
1 829 3516
1 203 1646
2 357 666
1 833 2221
1 1523 2139
1 1422 2397
1 496 2981
2 506 2355
2 2125 2482
1 2934 3071
2 1201 2389
2 641 2030
2 818 3004
2 1084 3465
2 338 2970
1 1679 2652
1 547 2073
1 260 586
1 2732 3333
2 2290 2964
1 1311 2411
1 812 2461
1 995 1888
1 773 3457
1 2290 2609
2 3113 3326
1 977 3584
1 617 2171
2 3458 3519
1 942 1639
2 437 1276
2 1135 2900
2 2462 3570
2 3386 3575
1 908 1265
1 52 3514
1 1146 3311
1 3403 3568
1 916 2533
1 1704 2448
2 117 2534
1 3508 3543
1 14 1031
2 1061 2768
2 641 924
1 2470 3513
1 1565 3216
1 1004 1936
1 1042 1941
2 1406 2925
2 258 3284
1 1209 2806
2 900 2068
1 3408 3589
1 2319 2803
2 2439 3246
1 2579 3343
2 116 3023
1 1489 1991
2 424 871
2 550 1502
1 120 3482
1 149 3503
2 645 2777
2 495 2062
2 387 2073
1 78 1719
1 1384 2979
1 1954 2611
2 1343 3269
2 868 1662
1 21 2380
2 2441 3559
1 1494 3079
2 245 2417
1 2349 3241
2 1636 1924
1 1066 2355
2 995 1833
1 79 3029
2 918 2062
1 581 2679
1 3177 3253
1 381 1824
1 1459 1873
2 400 2878
2 339 1918
2 2290 3476
1 2368 2930
1 416 686
1 1770 1889
1 1589 2538
1 618 1415
1 1921 3551
2 810 1714
2 894 1974
2 1485 2218
2 2156 2505
1 616 2484
2 1999 2921
2 2571 2751
2 89 1018
2 996 1043
1 2502 3564
2 3019 3097
1 547 752
1 1694 2908
2 2594 2702
2 823 2050
1 1281 3441
1 1002 3299
2 1622 3118
2 2351 3032
2 2491 3141
2 449 1673
1 1751 3372
2 900 2085
1 963 2651
1 509 1213
1 704 2650
1 853 1263
2 1023 2340
2 1583 3190
2 1723 3475
1 639 3024
1 1866 2669
2 2345 3319
2 805 2799
2 1585 3162
2 302 2083
2 2989 3481
1 650 2955
1 238 1547
2 1364 1640
2 2022 2627
1 1130 3211
2 965 2124
1 219 664
2 889 2621
2 107 1270
2 1461 2346
1 459 2344
1 1307 2442
2 621 1146
1 1924 2064
2 1524 3564
2 578 1571
2 1289 2086
2 1790 1968
1 1595 1767
1 653 3301
2 1384 1864
1 2103 2200
1 2961 3395
1 141 384
2 536 2489
2 140 2625
2 1226 3386
2 1022 3499
1 273 1729
2 2141 2408
1 54 2678
1 1363 2936
2 2077 2603
2 950 2021
1 1393 3341
2 763 1916
2 2505 2879
2628
918
2303
1861
2811
1623
3216
347
81
2525
1969
2822
2206
2808
1672
1854
1176
2164
686
772
2442
3409
3316
2918
2258
2556
1000 26
1 1621 3283
1 669 2410
2 1000 1775
2 2219 2262
2 2109 3191
1 502 2900
2 392 2461
1 1278 1929
2 67 1218
1 1699 3172
1 2535 2838
2 1057 1564
2 383 2627
1 3483 3494
2 2256 3334
1 895 1569
1 3305 3335
2 1207 1671
2 617 2138
2 2474 3088
2 2464 3515
2 1955 3130
2 1567 3366
2 397 3232
1 637 1195
1 1187 2048
1 2013 2149
2 2790 3389
1 37 1703
1 2170 3017
1 3334 3555
1 1108 2388
2 2851 3311
2 752 3414
1 2219 3536
2 2089 3052
2 1945 3006
2 658 1771
2 513 905
2 1130 2369
2 37 1248
1 266 1018
1 1979 2937
2 3382 3467
1 367 1027
2 2103 3585
1 1580 2506
2 39 2395
2 931 3522
1 1258 1934
2 661 2854
2 378 1571
1 766 2541
2 204 2857
2 935 3202
2 2442 3208
1 31 350
2 296 811
2 32 2461
1 1016 1470
2 1818 1850
1 1492 1616
2 83 2917
2 1604 2302
2 2164 3513
2 64 1237
2 1203 1438
2 310 2813
2 266 519
1 1081 1407
1 1363 1490
2 109 1709
2 1051 1927
2 865 2072
1 1704 1768
2 1773 3543
2 219 370
2 1044 1255
1 1613 2566
2 564 1116
2 1588 1673
2 1465 1791
1 1353 2791
2 1639 3137
2 333 1307
2 1147 1195
2 602 2704
2 1404 2723
2 2714 3506
1 1045 2448
1 16 2236
2 968 2198
2 2032 2111
2 414 3117
2 637 2037
1 998 3190
2 1296 2034
2 1733 3573
1 1257 1948
1 1203 2762
1 1968 2638
1 434 2544
2 1360 2329
1 558 1938
2 1780 2991
1 26 3288
1 2111 2659
2 1857 2394
2 271 1664
2 437 1623
2 2505 2903
1 1125 2139
2 1440 2017
1 2056 3017
2 2959 3110
1 2242 2961
2 3118 3294
2 2242 3572
2 620 3554
1 1042 1915
1 127 1100
2 202 2675
2 1752 3067
1 189 1866
1 45 844
2 2258 2583
1 595 2780
2 1540 1575
2 2075 2550
1 1526 3190
1 599 1120
1 473 1843
2 1528 2898
1 818 1925
2 933 2361
2 578 1347
2 42 3422
1 686 2098
2 2351 2353
1 1890 3039
1 1257 3140
2 640 3397
2 523 1795
1 168 977
2 1738 1754
1 1924 3305
1 1932 3486
1 827 2808
2 78 2670
1 846 1428
1 700 3345
2 2637 3455
2 948 1167
1 1390 2033
1 689 3130
1 1670 1970
1 120 2651
1 346 2191
2 774 3249
2 145 2053
2 32 103
2 1448 2099
1 1738 2919
2 995 2460
2 574 3190
2 2957 3142
1 2291 3302
2 446 1686
2 99 1890
1 1491 1502
2 3176 3390
2 2145 2969
1 98 2642
1 2168 3080
1 765 2317
2 111 1801
2 836 2669
1 483 898
1 244 511
1 1198 1538
2 1330 1430
2 2616 2656
1 574 1466
1 341 2529
1 1201 3477
2 208 620
2 228 2590
1 2899 3194
2 2329 3271
1 2782 3122
1 159 3045
1 167 574
1 598 2832
2 1784 3399
1 1613 1676
1 854 2456
1 534 2867
1 963 2442
2 861 1543
1 533 1503
1 356 397
1 1375 2007
2 2401 3272
2 1875 2969
1 1707 2940
1 1701 1947
2 965 1368
2 636 2609
1 981 1007
2 1358 2748
1 888 2614
2 786 2229
2 1807 3515
1 1696 3492
1 436 3034
1 629 2993
2 510 2888
2 2500 2925
1 248 1579
2 580 1693
1 101 2269
2 400 1138
2 391 1156
1 915 3223
2 2386 2719
1 379 3197
2 1113 2968
2 80 676
2 1411 3446
2 161 341
2 2486 3221
1 304 1572
1 1541 1902
2 867 2362
1 2617 2674
2 767 3364
2 949 3278
1 392 723
2 8 444
1 1556 2759
2 412 2014
2 1765 2734
1 298 1866
2 942 2161
1 773 1851
1 1275 2444
1 2072 2505
1 723 3175
2 491 2837
2 296 2682
2 125 1935
2 1337 2170
1 1496 2238
2 61 1323
1 2572 2705
1 428 2332
2 3094 3488
1 1524 3322
1 41 1560
2 775 2999
2 30 410
2 1291 2602
2 17 2770
1 2058 2193
2 1177 2386
2 2360 2839
1 658 2604
2 3236 3478
1 2312 2417
2 1857 2182
1 733 2770
1 1248 2127
2 1964 2062
2 1274 2000
2 1901 2810
1 1270 1805
1 705 1640
1 2867 2914
1 670 2062
1 184 300
1 2346 2634
2 1252 2760
1 574 3469
1 479 2361
2 1025 2818
2 912 1798
1 1902 3410
2 591 1455
2 1859 2271
1 1088 2069
1 2511 3495
2 475 2605
2 1352 3410
1 742 3520
2 1568 3391
1 3200 3459
1 271 2949
1 736 1719
2 2345 3395
2 2827 3303
2 1465 2012
1 2404 2615
2 883 1501
1 741 2675
1 306 599
1 2153 3379
1 814 3084
2 568 2203
1 653 2393
1 803 3204
1 1969 3240
2 2039 2092
2 2207 3223
2 1082 2064
1 1266 1360
1 1199 2231
2 1716 3341
1 621 815
1 1768 3007
2 845 2568
2 291 3154
2 37 1146
1 1582 2356
1 848 3463
1 71 1184
2 379 2605
2 1394 2324
1 1829 2009
2 968 2043
1 185 1022
2 2308 3209
2 1749 3331
1 624 2485
1 1575 2757
2 1132 2646
2 2216 2754
2 64 1579
1 3025 3599
2 928 1090
2 1946 3316
1 1279 2840
1 1950 2039
2 1091 2678
2 2131 3010
2 1075 2764
2 1996 2355
1 863 1398
2 1127 2018
1 846 1642
1 438 3583
2 262 2211
1 337 3485
2 1140 1402
1 1737 3554
1 895 896
2 371 3492
2 543 2876
2 2095 2310
2 387 822
1 732 3598
2 1353 1367
2 957 2267
2 3040 3479
2 1059 2159
2 2025 2415
1 1076 2548
1 1083 1686
1 71 2115
1 1135 2833
2 777 2791
2 1708 3189
2 792 3589
1 478 812
1 285 924
2 1243 2947
1 449 1415
2 46 1215
1 1516 3558
1 311 1515
1 172 2801
1 778 2615
2 1127 2827
1 476 2244
2 605 1097
2 1145 2841
1 2336 3460
2 477 3342
2 1532 3235
2 2917 2993
2 1363 1769
2 2092 3034
1 544 3515
1 2590 3160
2 225 1466
1 2241 3121
1 2401 3267
1 1602 2604
2 932 3224
2 1975 2962
2 1298 1629
1 1041 1321
1 783 1050
2 2261 2463
2 93 1477
2 28 1811
1 2394 2937
1 1117 1222
1 1033 1770
1 1858 2681
2 964 3082
1 639 2419
1 42 3297
1 212 1840
2 1787 2676
2 1719 3352
1 1663 2435
1 1599 3491
2 304 1780
1 1594 2827
1 517 1664
1 601 3298
1 11 1459
1 896 1971
1 565 737
1 1306 2069
2 1635 3430
2 299 596
1 195 991
2 1503 2146
1 1532 3409
2 1977 2266
2 1126 2242
1 1928 3278
1 1814 1994
1 413 1005
1 1524 2696
2 5 653
2 1981 2361
1 28 635
1 2979 3598
1 931 1899
1 962 1464
1 1855 2974
2 2703 2836
1 585 3435
1 2643 3373
2 643 1755
1 2163 2189
2 1386 2372
2 738 2280
2 1812 2888
2 745 2991
1 473 2109
1 710 1722
2 2808 3502
1 262 2607
2 2811 3146
1 1045 1707
1 1447 1554
1 732 2294
2 30 2121
2 2492 2900
1 86 1933
2 1415 1994
1 2369 3385
2 828 2192
1 3326 3383
1 1549 2058
2 387 3464
1 1701 3435
2 2252 2949
2 2034 2738
2 1071 3165
1 360 1578
1 844 2602
1 1492 2504
2 2085 2747
1 914 2476
2 1042 1717
1 892 1431
2 2074 2487
1 487 3117
1 606 1128
2 1449 2608
1 1226 1671
1 1291 1666
2 3401 3535
1 3066 3219
2 163 2207
2 2287 2303
2 1318 1908
2 1246 2264
1 1501 3535
2 2598 3595
1 511 2103
1 2486 2821
1 796 932
2 1191 3167
2 343 1695
2 899 1209
2 2871 3576
2 754 1474
2 2970 3097
2 1064 3183
2 576 2033
1 3192 3418
2 2413 2841
2 1438 2346
2 2175 2394
1 935 3583
1 123 714
1 1189 2252
2 471 2897
1 1432 1539
2 593 1716
1 1895 2617
2 460 2945
1 1060 1339
1 595 1352
1 834 3508
1 1095 2339
2 624 3324
2 274 2426
2 2620 2642
2 2515 2800
2 13 372
1 2461 3060
1 381 2229
1 1355 2931
1 941 3585
1 2321 3330
2 86 409
2 1224 1578
2 165 2422
2 835 3468
1 1994 3547
1 3140 3187
2 1973 2923
2 2014 2806
1 391 3185
2 1256 1365
1 1517 2616
2 654 1332
1 516 1593
1 2183 3518
2 2201 2490
1 33 2220
2 1898 2727
1 1100 2577
1 176 2768
2 126 1422
1 2802 3305
2 224 1804
2 379 3213
2 1138 1519
1 594 2939
1 4 190
2 2104 3133
2 649 2932
1 1572 3087
1 1109 3030
2 691 2692
1 32 1957
2 864 910
2 2356 3199
1 1754 1948
1 2077 3122
1 1625 2009
1 1684 3156
2 1600 3011
2 2307 3085
1 1422 3558
1 1173 2401
1 467 2285
1 124 403
2 688 2407
1 1481 2282
1 36 2515
2 32 1198
1 988 1826
2 86 1475
2 476 1971
2 1256 2992
2 1084 2789
2 486 1560
2 1148 1778
1 109 2379
2 949 1000
1 441 1187
1 661 1665
2 1937 3425
1 1371 2560
1 1507 3000
2 860 1549
2 2864 2903
2 2416 2934
1 191 2084
2 822 1058
1 3401 3407
1 787 2331
2 222 1669
1 2346 3428
1 2840 3568
2 3248 3598
2 1076 3503
1 584 1866
1 38 2686
1 992 3011
2 1052 1177
1 812 1919
2 40 967
2 1154 3170
1 151 2836
2 306 3212
2 1343 1980
1 402 1898
2 1515 3054
2 2041 2413
1 267 2609
2 277 3369
2 286 2484
2 147 3182
2 1861 2639
2 896 3574
2 1160 3283
1 16 2707
1 962 1664
2 1129 3485
2 1190 2627
1 244 2513
2 1736 1972
2 2915 3028
1 347 2780
2 1641 3225
1 2280 3141
1 1835 2626
1 1678 1944
1 1807 1923
2 3026 3336
2 1851 2118
1 940 1883
2 87 1161
2 1829 3493
2 1445 2633
2 2281 2600
2 1895 3322
1 290 386
1 31 1161
1 1158 1690
2 1215 1501
1 307 3107
2 31 2456
1 558 1803
2 1794 1907
2 3130 3531
2 1601 2406
1 353 977
2 1430 2372
1 2119 3404
2 3253 3390
1 629 2310
2 299 640
2 209 1559
2 626 3079
2 2025 2604
2 1659 2283
2 1603 1749
2 197 1809
2 1698 2186
2 2605 2973
2 72 3573
2 672 3483
2 1817 3344
1 2626 2779
2 18 2303
1 774 807
1 923 1608
2 1575 1588
2 286 520
2 1800 3174
1 855 960
2 2233 3568
1 3383 3522
2 1704 3463
2 241 712
1 248 2125
2 590 1244
2 2822 3243
2 971 3104
1 690 2995
2 2945 3480
2 1619 2892
2 882 1659
1 1819 2063
2 3121 3235
2 2146 2496
1 568 3124
2 3406 3431
1 3019 3363
2 1202 1437
2 1458 2937
1 588 2420
1 167 617
1 1890 3501
2 471 3000
2 570 2043
2 183 1380
2 933 1464
2 206 911
1 967 1231
2 932 2029
2 1300 1640
2 780 2206
2 385 2874
1 1894 2317
1 700 2743
1 819 1652
2 1330 3215
1 1187 3073
1 1380 2584
2 468 3082
2 482 3459
2 1425 2814
1 117 3535
2 1473 1714
1 1515 3563
2 2917 3050
2 220 3496
1 1550 1979
1 239 594
1 2183 2267
2 744 1452
2 2345 3107
2 22 3338
1 691 1510
1 1589 3290
2 884 2367
1 63 1212
2 1576 3101
1 2729 2885
1 127 3181
2 2202 3363
2 1519 2080
1 148 1466
2 2794 3266
1 2748 2830
2 1129 1511
1 1944 2212
2 1617 2553
2 389 2350
2 1272 2774
1 2030 2618
1 248 677
2 2577 2750
1 2649 3514
2 1005 3147
2 893 1953
1 1964 2181
1 150 385
1 1626 2866
1 51 1855
2 347 2937
2 87 2485
2 190 2858
2 1304 1961
1 839 1533
1 416 2239
2 248 975
2 110 3150
1 651 1703
1 2228 3474
1 954 3119
2 2974 3153
2 1199 1890
1 497 1854
1 225 1279
1 1676 3473
2 948 1473
1 661 2420
2 106 619
1 981 1506
1 1636 2265
2 832 1840
1 1719 2627
2 2080 2443
1 723 2483
1 2681 3473
2 404 1240
2 1285 1464
1 1297 1479
2 1752 2303
2 1336 3124
1 334 1159
2 2148 3147
2 804 2693
1 1821 2894
1 140 178
2 545 1920
1 894 2302
1 1206 2001
2 922 1445
2 166 3133
2 1052 3572
1 1859 2436
1 2494 2826
1 884 2857
1 1599 2666
2 22 3534
1 947 1605
1 791 3282
2 612 3555
2 23 1084
2 232 2894
1 770 3161
1 1381 1843
1 89 1358
2 1331 1363
2 2620 2842
1 1350 2363
2 1619 3160
2 1383 2797
1 1803 2312
1 300 1930
1 2241 3106
1 2129 2970
1 2494 2659
2 698 3364
2 282 1242
1 165 3020
1 203 2190
1 121 2209
2 168 939
2 171 863
2 852 3149
1 2699 2850
2 203 1077
2 1094 1305
1 972 2059
2 1530 3143
1 1075 2374
1 1853 2314
2 1508 3339
1 710 1167
2 1374 2328
2 2340 2901
2 2122 2870
1 841 3566
2 855 2685
2 993 1801
2 3070 3540
2 2462 2565
1 944 1613
2 651 1702
2 1721 2801
1 190 3004
2 809 1744
2 540 2546
1 298 1237
1 1278 3193
1 677 2964
1 2370 3218
2 793 987
1 2430 2961
1 1343 1580
1 777 2891
1 189 1241
2 1468 1792
2 788 2365
2 1573 2178
1 444 1147
1 342 2456
1 2509 3534
1 67 3521
1 957 3504
1 477 957
1 181 3172
2 2255 2939
1 2754 2954
2 119 547
1 2390 3312
1 488 2392
1 894 3084
2 1379 1984
2 1479 1959
2 2727 2895
1 2396 2714
2 1107 2588
1 447 1438
1 773 1343
1 1459 2801
1 2038 2773
1 739 3235
2 1074 2433
1 545 1944
2 2413 3007
1 2484 3321
1 1509 3470
1 2414 2609
1 847 2662
1 180 3259
2 535 1588
1 756 2535
1 938 2986
2 1262 3343
2 1792 2071
1 2010 2925
1 850 2975
1 2491 3287
2 3152 3486
2 1583 2306
2 220 2070
2 3039 3304
1 94 3045
2 3145 3539
2 297 3118
1 1695 2240
1 857 2337
1 940 1358
1 434 2312
1 1933 2324
2 441 2020
2 13 660
2 866 1205
2 1329 1643
2 1113 3530
2 1609 1995
1 344 2302
2 1533 2456
1 924 1351
1 2031 2109
1 585 1188
2 3400 3584
1 1946 2471
2 1865 2496
2 762 2824
1 1489 2014
2 1376 3481
1 6 1521
1 1928 1972
2 3217 3297
2 3014 3221
1 2337 2548
2 60 632
2 158 1677
2 1714 1814
2 2876 3135
2 1476 3490
2 1647 2022
2 1290 2673
2 1867 2972
2 410 2006
2 78 3457
1 1031 3122
2 968 2008
1 24 1585
1 896 2838
1 424 530
1 1924 3539
2 1409 2973
2 178 2380
1 2741 3495
1 3284 3286
1 653 2455
1 407 3339
1 422 2370
1 1090 3214
1 113 2002
1 406 2639
2 2605 3054
1 347 463
1 1993 2933
1 1051 1946
2 187 595
1 270 3456
1 613 2984
1 1785 2951
2 1634 3368
2 1367 3169
1 503 996
1 1516 3447
1 102 251
1 285 2660
1 707 2321
1 1009 1538
1 986 2868
1 142 1188
2 2148 2285
2 1185 2070
1 1926 2235
1 1255 1359
2 674 3168
1 467 2644
2 185 445
2 2627 3474
2 557 1054
2 370 2800
1 325 412
1 892 2415
2 2543 2754
2 512 3239
1284
1296
848
3512
2148
168
1227
2153
1761
175
505
388
3063
3591
1872
884
3331
1366
3492
3131
565
2894
1558
1801
792
3472
1000 26
2 722 2727
2 381 2024
1 316 1711
2 2645 3187
1 1966 2796
2 1840 2713
1 35 1327
1 1532 3038
1 723 2208
1 2278 3294
2 1625 2429
2 183 2175
2 2681 2955
1 563 2165
1 1085 2693
1 2327 2543
2 678 2545
1 2302 3514
2 442 1896
1 1569 1582
2 41 2647
2 277 1845
1 238 2129
2 738 2747
2 520 1291
2 1507 2820
2 1240 3155
1 1004 3090
1 48 650
1 439 2695
2 752 2347
1 1986 3175
1 1152 3086
1 2910 3209
2 1928 2785
2 1074 2105
1 788 3579
1 211 2620
2 3069 3473
2 567 2280
2 1414 2846
2 2551 2770
2 1936 2605
1 367 2369
2 806 3169
1 1905 2851
2 1855 3354
2 3142 3357
2 2641 2828
2 1236 2645
2 1456 1608
1 1196 2913
2 594 1071
1 588 2599
2 260 2192
2 2779 3551
1 1338 2568
2 1175 1267
2 401 3506
1 3029 3127
2 760 1512
2 946 1688
2 3112 3217
2 671 1834
1 847 1610
2 1610 2902
1 237 2435
2 992 2476
1 697 911
2 1914 3160
2 388 3479
1 1176 3068
1 1791 2367
1 1020 3560
2 49 3049
2 1438 2143
2 1117 1693
1 2067 3235
2 1070 3355
2 1769 1899
1 1268 1879
1 1255 1424
2 1646 3390
2 1438 2976
2 756 2674
2 1973 3370
2 2535 2741
1 2846 3571
1 466 2189
2 301 2457
2 727 1574
1 1231 2412
2 664 3343
2 1575 2319
1 1687 2587
2 680 2703
2 899 2091
2 1787 1988
1 1433 3099
2 521 3410
1 1244 1561
1 1218 3288
1 108 2721
1 2123 2471
2 1401 1711
1 454 983
1 980 1802
2 247 430
1 87 3373
1 2246 2302
2 2623 2819
1 1186 2940
1 964 1663
1 765 3558
2 2397 3496
1 1817 2375
1 1867 3324
2 1296 1681
2 232 3225
2 90 3580
1 202 3120
2 509 1776
2 2285 2833
1 1825 3348
1 262 315
1 64 1555
1 185 3502
1 2135 3299
1 1500 1785
2 860 2726
1 1218 2329
2 606 902
2 603 775
1 744 2596
2 1359 2673
1 156 2871
2 81 2947
1 2854 3518
1 847 1575
2 1656 3109
1 668 2434
2 1608 2268
1 2443 3325
1 936 2769
2 229 2973
2 1362 2519
2 359 702
2 391 2257
1 1951 3088
1 623 681
1 2083 2902
2 1466 2400
2 2571 3345
2 2886 3087
2 1970 3425
1 1187 2697
2 726 1282
2 3151 3439
1 274 1444
1 1053 2294
2 625 991
1 1950 3411
2 1385 2114
1 1980 2815
2 1829 2820
2 357 2656
1 2867 3231
1 114 369
1 598 3190
2 2573 2960
2 420 835
1 170 3461
2 1545 2046
2 1868 2999
2 1700 2177
1 595 1298
1 1343 2653
1 162 3430
1 2738 3494
2 1188 2914
2 906 1610
1 1806 2814
2 1699 2161
1 599 893
2 1812 2048
1 1070 3541
2 1490 1613
1 1481 1691
1 1099 3024
1 2769 2877
2 1539 2224
2 400 3255
2 436 1586
2 362 2155
2 967 1637
2 1414 2172
1 1424 2491
2 1774 2575
1 6 2876
2 2411 3576
1 1025 1456
2 1598 2353
1 1421 3182
1 2171 2174
1 2279 3121
2 1643 1649
2 1972 2028
2 636 1015
2 557 2604
1 1177 3140
2 3249 3495
1 1658 2146
2 367 1584
2 180 1734
1 1027 1664
1 608 2329
1 1261 2890
2 1532 3415
1 1386 1615
2 786 1494
1 419 2318
1 2169 3246
1 1529 3015
1 783 1470
2 2175 2909
2 1009 1747
2 67 246
2 16 1774
2 889 3194
2 1795 3018
2 1551 2065
1 2200 3477
2 571 1056
2 204 3349
2 883 2793
1 2997 3583
2 145 251
2 797 1972
1 1546 2661
2 1697 2066
1 1527 2982
1 445 1722
1 77 231
1 254 1658
1 631 1118
1 1469 2881
2 1578 2504
2 2895 3069
1 1828 3319
2 2985 3312
1 1092 2051
2 744 1622
1 647 1093
1 1012 1096
2 282 802
2 1500 2046
1 444 2738
1 455 3418
2 2959 3012
1 1763 3551
1 3221 3362
2 553 1340
1 2275 3313
1 2147 2257
1 416 2748
1 244 293
2 1315 2434
1 1453 2824
2 679 2066
2 1213 3345
1 1172 2713
1 352 396
2 2255 2937
2 705 1067
1 1136 1978
2 1424 1691
1 870 2006
2 2006 3065
2 443 2343
1 2134 2317
2 1079 1357
1 208 2195
1 1891 2636
2 1205 1985
1 802 3184
1 12 2949
1 1773 2869
1 2307 2927
2 1981 3401
2 224 3077
2 156 1166
2 327 2796
2 1120 1546
2 1049 2758
2 2505 2648
1 208 3526
2 1891 2238
1 2631 3477
1 2063 3286
1 986 1656
1 1545 2301
1 654 2745
2 1370 1897
1 2055 3310
1 758 3297
2 894 3126
2 1059 2077
1 2200 2377
2 1658 2698
2 1108 3587
1 53 1048
2 1310 3582
2 2612 3178
1 945 2550
1 261 1117
2 1076 1473
1 1797 3257
1 130 1131
2 786 2842
2 1492 2693
2 672 1115
1 1148 1177
2 211 769
1 2208 2596
2 2315 2901
1 172 2419
1 716 1378
2 950 2766
1 1332 1762
2 1356 2139
2 198 223
1 122 3090
1 1761 1778
1 369 407
2 2018 2167
2 1421 2012
2 797 1549
2 846 3062
1 1275 2166
2 122 189
2 1567 1718
2 1157 3063
2 125 2789
1 694 1761
2 2432 2849
2 293 3576
1 2762 3465
1 185 239
2 1183 2383
2 1441 1720
1 371 3225
2 2185 2708
1 1085 3258
1 539 688
2 322 2284
1 2336 2685
1 718 1878
1 336 784
1 65 1246
1 490 2980
2 510 2548
2 145 3012
1 1370 2455
2 1544 3105
1 1608 2025
2 1202 1468
1 226 405
2 1038 1249
2 1969 2812
2 1370 3118
1 1323 1640
2 2452 3165
1 1399 2450
2 556 2707
1 424 2824
1 2986 3355
1 158 2415
2 2409 3341
2 1205 3450
1 972 1362
2 1557 2921
1 564 1008
2 967 3129
2 1329 2328
1 928 2433
2 221 985
2 1758 2800
2 1987 2176
1 2493 3041
1 2732 3346
2 1616 3394
2 2027 2506
2 313 3027
2 597 2424
2 214 2883
2 778 921
1 1865 3494
1 238 3472
2 1673 1675
1 1197 3324
1 831 3543
2 2 2531
2 1844 2895
1 2669 3157
2 894 2522
2 571 2354
1 1835 1950
2 1340 1838
1 2402 3299
1 380 3198
2 1205 3328
1 100 213
1 641 1261
2 301 2727
2 1341 3385
2 12 2487
1 1422 2665
1 592 3582
1 2868 2979
2 1249 2259
2 2103 2864
2 1374 1840
1 643 1543
1 217 1097
1 1896 2757
2 1069 1305
1 1276 3288
1 768 3211
2 1275 2057
2 1020 3235
1 79 436
1 782 916
2 538 1923
2 1671 1921
1 1083 2089
2 567 2410
1 1794 1823
2 603 959
1 1253 2864
2 1109 3510
1 1944 2741
2 1637 3583
1 1719 2286
1 1271 3581
1 1165 1363
1 1667 3040
1 3136 3199
1 1416 3011
1 3191 3214
1 61 2150
1 578 2202
1 609 673
2 489 580
1 1520 1702
2 411 3276
1 877 3199
1 554 2704
2 1969 2217
2 904 1726
1 252 3039
1 2686 3570
2 1232 3091
2 1295 3026
2 2015 2782
1 1457 3199
1 2302 3487
2 1008 3555
1 854 3432
2 2468 3543
2 1211 1728
1 1557 3444
2 443 1841
2 1790 2325
1 486 561
2 1357 2644
2 120 568
1 73 609
2 300 2794
2 2385 3064
1 1408 2369
2 1432 1796
1 57 2167
2 773 820
1 1607 2918
1 2057 2765
2 3368 3485
2 213 809
2 2022 2517
2 50 962
2 530 976
1 710 1526
1 1168 2250
1 2189 3337
1 1191 1673
2 775 2250
2 2594 2840
2 849 2672
2 1996 2448
1 99 1694
1 1373 2142
1 2150 2653
1 1804 2344
1 1030 1645
2 3058 3361
2 409 1840
1 320 525
1 1776 2929
1 144 3428
2 1011 2455
2 645 872
1 649 2446
2 127 2437
1 269 1284
2 852 3181
1 59 2461
2 924 2242
1 1638 2765
2 21 1111
2 2854 3291
1 1748 3547
1 653 3444
2 387 1976
1 87 2193
2 109 2362
1 1029 1786
2 333 3002
2 478 2848
1 636 2022
2 1162 1750
2 320 476
2 1652 3066
1 151 1281
1 2359 2572
1 1000 1272
2 1513 2884
2 1229 1900
2 2217 2568
1 3381 3544
1 656 727
1 3237 3311
1 811 2754
2 2015 2880
2 1970 2497
1 1093 2411
1 961 3077
2 795 3459
1 1116 2892
1 401 2805
2 559 3297
1 218 1987
2 558 1458
1 686 1110
1 3275 3472
2 47 3318
1 660 3481
2 1 2306
1 404 453
1 424 2162
2 1355 2487
1 830 2461
1 545 2413
1 589 3240
2 90 904
2 1361 2351
2 624 2125
2 2344 2525
1 300 637
2 643 1222
1 1829 3483
2 283 2355
2 33 961
1 1385 1508
2 3026 3552
2 518 1504
2 385 532
2 816 1800
2 143 2079
2 383 1478
2 638 3434
2 928 1999
2 2528 3429
2 1845 2006
2 1934 3427
2 1030 2537
1 2360 3350
2 1481 3366
2 84 3230
2 2417 2604
1 231 704
1 242 1038
2 685 3562
1 1363 2998
2 1860 2709
1 120 1222
2 1489 2997
2 816 1755
2 569 2262
2 12 935
2 1 1667
1 799 1763
1 1187 2404
2 488 2557
2 2544 2598
2 2146 2921
2 2468 2711
1 329 3254
1 1016 1798
1 545 1523
1 686 2789
2 1163 1642
1 409 2521
2 1201 1811
1 293 542
2 2184 3119
2 2514 2836
2 1272 3015
1 102 491
1 1223 1515
2 1768 2393
2 3300 3499
1 367 1244
2 801 1598
2 454 1708
2 2708 2791
2 221 3325
2 179 3167
1 653 1254
1 3417 3566
2 1578 2440
1 3129 3399
1 834 3464
2 1199 2126
2 320 2603
1 117 1818
2 2732 2930
1 2074 2107
1 143 2270
1 1197 2046
2 987 1949
2 1332 1574
1 324 1677
2 195 1101
2 1397 3589
2 101 121
1 1044 3293
2 288 803
2 272 3227
1 1434 2458
1 526 2412
1 198 2656
2 1062 2927
1 1041 1690
2 1078 1429
1 1310 2463
2 1194 2480
1 746 2841
1 349 3425
1 1088 3111
1 731 2958
1 1146 2083
1 1203 1892
2 1672 2669
1 2182 3313
2 510 3534
2 1799 2647
2 53 1525
1 1733 2356
1 2313 2514
2 2309 2868
1 893 1453
1 860 1492
2 2678 3144
1 1642 2572
2 788 2116
1 2378 2659
2 2152 2869
2 2350 3313
2 1410 3014
2 2364 3430
1 608 1242
2 2306 3282
2 995 1418
2 395 2914
1 1184 1735
2 3028 3553
2 123 679
2 385 1436
1 1006 1019
1 398 2083
1 1430 2180
1 2615 3108
1 2331 2499
1 302 2982
1 921 2144
1 513 3123
2 87 853
2 1076 2173
1 30 2020
2 1452 2121
1 1389 1662
2 849 1916
2 1119 2329
1 246 360
2 1725 2072
1 348 2671
2 464 626
1 213 1282
2 3035 3158
2 217 1799
2 139 791
2 1697 2259
2 777 1440
1 322 716
1 200 1612
2 2218 2864
2 2262 3079
1 1963 2171
2 2043 2456
1 1198 3023
1 2198 2737
2 777 1607
1 154 1118
2 2950 3503
1 2357 2828
2 680 2973
2 1875 3007
2 52 244
2 1795 3159
1 2135 3198
2 2610 2676
2 943 1966
2 2479 2785
1 2715 2999
2 798 881
2 2355 2866
2 175 707
2 967 2790
2 304 2840
2 940 2412
2 2255 3289
2 2098 2265
2 566 2447
2 2698 3063
1 1940 3241
1 1497 2518
2 1139 2895
2 2264 3304
2 1734 2327
2 1281 2962
1 2042 2420
1 648 835
1 18 1615
1 3139 3406
1 614 2198
1 526 3340
1 1395 1431
2 631 3084
2 1619 2859
2 2703 3443
1 1168 3249
2 1798 1927
1 160 3415
1 942 3297
1 525 1883
1 2073 3174
2 2007 2808
1 589 720
2 1274 3115
2 229 1520
2 2992 3532
2 1272 2490
2 1429 1919
1 1729 2839
1 2534 3122
2 222 1971
2 637 1660
2 555 1102
1 1366 2495
1 171 3366
1 722 834
2 8 1173
1 1072 3212
1 647 1797
2 977 2321
2 2379 2637
1 72 1447
1 1437 3000
2 2387 3551
1 1822 2458
1 221 1704
2 545 2981
2 1406 1459
1 29 2329
2 657 3595
2 420 2999
1 522 2732
1 305 1939
2 280 1752
2 3021 3235
2 575 1585
2 1855 3051
1 1116 3318
2 1797 2166
1 2155 3215
1 895 1483
1 1814 2790
2 1750 2112
1 1047 1109
2 171 920
2 1857 3368
1 1877 2154
2 2965 3230
2 825 1292
1 1448 1598
2 736 851
1 1134 3090
2 1371 2433
2 1821 2882
2 2411 3162
1 1899 2632
1 190 280
1 2078 2464
1 399 2924
1 790 1312
2 969 1040
2 225 1404
2 130 1258
2 1891 2203
1 32 3571
2 400 2333
1 529 721
1 1946 2026
2 593 1325
2 1961 2505
2 893 3210
2 2771 3402
2 1319 2997
2 1072 2104
2 1229 3519
2 1481 2620
1 1959 2781
2 2376 2882
2 703 2209
1 52 3119
1 524 2605
1 518 911
2 240 1277
1 477 1930
1 677 1238
1 1212 2666
1 3444 3518
1 2504 3349
1 347 421
2 2276 3066
1 999 1204
1 143 241
2 1447 2743
2 679 2345
1 1503 3150
1 1269 2181
1 1359 2403
1 208 2863
1 2284 3124
2 3 149
1 1729 2768
2 2031 2306
1 664 3418
2 285 1061
2 1107 2548
1 996 1178
1 1523 1736
2 1016 3054
1 2295 2805
1 3299 3488
2 306 611
2 857 1234
2 896 1680
2 479 2029
1 1411 1852
1 1282 2470
1 361 1964
2 170 1256
2 2898 3073
2 2414 2994
2 1802 2486
1 1286 3189
2 355 574
2 31 1275
1 373 2464
2 1365 2960
1 576 1601
2 1324 3500
1 706 2248
1 552 1472
1 118 1492
2 1599 3072
2 245 2533
2 1174 1954
2 1076 3220
2 477 2831
1 961 2256
2 580 1082
2 1342 2002
2 1774 2837
2 1579 2728
2 912 3019
2 1249 3551
1 563 2004
1 1673 1852
2 2575 2805
1 295 3173
2 340 3309
2 994 1192
1 3510 3532
1 1436 1493
2 1342 2316
2 1283 3085
2 2585 2746
2 2396 3560
1 1470 2102
1 1081 3276
2 3293 3488
1 3169 3374
1 556 1447
1 1685 2498
1 727 1244
2 1075 2708
2 1636 2470
2 1062 1665
1 289 664
1 917 3004
2 2391 2429
2 3194 3572
1 819 3190
2 105 1825
2 1806 2076
2 792 3149
2 2699 2980
1 2 1271
1 1145 1710
2 390 2827
2 871 1213
2 527 2901
1 1170 2947
2 2234 3597
2 2151 3354
2 36 2948
1 98 1332
1 1418 3548
2 145 1879
1 2351 3245
2 896 965
1 13 762
1 1450 1520
1 2020 2073
1 439 2204
2 3012 3184
1 911 3132
1 466 1370
2 847 3447
1 253 2154
2 1898 2551
1 427 744
2 2862 3032
2 1067 3524
2 1125 3324
1 3122 3289
1 990 2703
2 1140 2839
2 52 1978
2 2590 2734
1 3258 3351
2 993 3414
1 268 3428
1 189 850
2 912 2551
1 2829 3472
1 2791 3135
2 502 2048
1 648 1847
2 687 1750
2 313 1406
2 2368 3131
2 1563 1601
1 1415 1627
1 982 1533
1 1 2568
2 1814 2652
1 2633 3336
1 2424 2603
1 582 1514
2 2224 2398
2 758 2671
2 448 3266
1 3041 3555
2 2823 3470
1 1260 2261
2 270 1460
2 3216 3250
1 1888 2427
73
3119
2829
2411
3406
3335
1480
2350
1261
2880
428
864
1572
2599
2013
119
2262
810
2528
351
3367
3364
3492
1668
26
1918
10 26
2 1794 1800
1 1 3600
2 1799 1807
2 1790 1792
2 1800 1809
2 1792 1795
2 1797 1802
2 1797 1806
2 1792 1794
2 1791 1795
1660
1800
1810
1805
1808
3538
696
1804
1801
1795
1806
1798
1790
1792
1797
1794
1803
1796
1791
1789
1807
1802
1809
1098
1799
1793
16 22
1 43 2921
1 349 2948
2 19 232
1 1933 2718
1 3071 3162
2 883 1768
1 286 289
1 525 2078
2 443 1805
2 1175 3299
1 616 1954
1 2381 2564
2 2102 2472
1 294 891
2 3032 3211
2 694 3217
2362
3261
3270
2866
2788
3117
1992
3197
264
3077
1332
820
160
1523
3512
2277
1005
7
2747
2585
1390
3368
70 20
2 169 2625
2 1428 2115
1 53 2642
2 2129 3486
2 2211 2545
1 2925 3345
1 120 2821
2 1062 2613
2 779 1170
1 827 1220
1 3 2954
1 152 1324
2 2056 2732
1 847 3440
1 873 1273
2 1307 2259
2 846 1279
2 1467 2391
2 574 1142
1 294 3407
2 1424 3130
1 1321 2838
1 2089 2960
2 529 3500
2 1368 2770
2 924 1424
1 167 2631
2 405 2292
1 886 3010
1 68 1765
1 1045 3222
2 394 907
2 427 1051
1 1988 2384
1 727 1472
1 129 3117
1 2052 3275
2 1053 2555
2 232 1839
2 475 1328
1 2269 2807
1 124 2369
1 663 3135
2 2410 2918
1 9 2901
1 1563 3498
1 2013 2135
2 866 1635
1 40 2257
2 823 3545
2 649 843
2 1906 2668
2 568 1760
1 1630 1755
1 1128 1800
2 3170 3182
1 900 1048
1 1358 2150
2 771 1078
2 846 2588
2 1513 2939
1 1094 1442
1 3145 3433
1 2161 3411
1 1313 2257
2 1563 2865
2 692 2372
2 58 1984
2 632 1742
1 954 2259
2525
3382
3351
3305
1041
1542
2905
560
1614
3101
1139
2213
913
2643
2572
2959
2515
1156
3497
312
94 14
1 533 834
1 2214 2861
1 1222 3034
2 2607 2729
2 117 2523
2 1147 2263
1 1360 1534
1 1014 2567
2 284 1014
2 2967 3557
1 2686 2936
2 2072 2432
2 1278 2135
1 354 3437
1 583 1420
1 1126 1135
2 1307 1576
2 58 2801
1 759 772
1 1981 2762
2 273 3246
2 381 3191
1 1 576
1 1448 2397
2 2898 3309
1 762 1852
1 2505 2664
1 1066 1182
1 258 339
2 2402 3179
1 950 2807
1 2178 3352
2 85 1501
2 708 1984
2 1058 2335
2 2784 3406
1 2951 3082
1 1503 3468
2 2290 2864
2 1849 2975
2 2533 2839
1 1056 2275
1 898 3152
1 683 1803
2 462 1952
2 2562 2704
1 1989 2954
1 2 407
1 2238 2947
2 765 1174
2 2717 2965
1 1275 1325
1 310 2061
2 2076 2908
2 1369 2771
2 30 3406
1 1971 2455
2 1541 2332
2 1100 2377
2 1424 1917
2 547 2925
2 2647 3193
1 1316 1347
2 1097 3036
2 1243 1570
1 1932 2503
2 525 1685
1 478 3233
1 1163 2328
2 180 1756
2 2005 2829
1 2924 3090
2 914 2943
2 1326 3342
2 1676 1929
1 182 1959
1 81 2247
1 1985 2673
2 713 2482
2 2473 3153
2 791 2444
1 988 3091
1 480 2232
1 2076 3410
1 162 847
2 3007 3014
1 146 1123
1 1892 3153
2 2131 3247
1 1078 1639
1 281 372
1 1652 3316
2 2482 2980
2 2488 2984
1306
89
181
2091
341
477
1636
1204
1109
1587
1426
1789
311
3154
33 17
2 164 1861
1 1512 2518
2 1427 3550
1 389 2848
2 156 2339
2 355 1401
1 368 2398
1 345 3003
1 712 1992
1 119 3049
1 2166 2528
2 766 2129
1 74 2373
2 1879 2097
2 90 814
2 1062 2020
1 1635 2180
1 897 3249
2 81 2340
1 2366 2766
2 238 3360
1 1598 1932
1 131 3065
1 1190 2492
2 2289 2670
1 529 3200
1 1187 1776
1 958 2851
2 642 1072
2 1764 3333
2 1762 2577
2 122 1065
1 768 3478
2564
3166
1657
1977
2281
1130
2940
1643
1708
621
1898
2644
3352
2835
2452
2625
1972
