466
1
12
2
3
5
7
11
13
17
19
23
29
31
37
41
43
47
53
59
61
67
71
73
79
83
89
97
8192
7200
9409
2310
5040
9240
7560
10000
7375
4074
2030
490
2870
3738
1617
1380
6790
850
5475
1656
4074
1908
5782
1365
3570
462
2254
966
1269
8967
2716
8526
1340
6345
2401
630
2982
2646
714
8760
5340
870
175
1722
1827
4557
2478
2325
3290
4606
2150
3825
1180
1425
468
147
2910
1225
4270
390
7665
315
804
1386
476
3773
1830
3710
1988
105
7770
9044
6790
914631181066640676
404044294243093413
30032412925294780
31627611618415365
90767411827883241
27494082720924158
83639712851091138
82380894485821175
103147401643734525
207649518590834754
98033385697064070
185498364726245571
967474544090620709
169634607972839581
643787413368202103
38229627119472723
404217257127193134
114711856698396074
24737054696797079
388058245493741295
60534644519783434
45945117192895810
274498130164048515
424435150782824493
89295982105242618
865668110090875685
765750640611127899
268700602467177980
710054755369146495
467967653336034579
490611746096255355
924841177136253245
278307497472531292
138913432855946490
454992316295373563
43550658552973656
592360438145746605
162554137692226665
89885741521775430
695393158659967690
178435452177075126
628397996951329704
87108068954741373
149731289825893776
959932306058179674
639803082748360244
291401930556025239
234986396391178146
115515155258338836
12970438506899875
547231627878061110
140004743003976490
497403192596208990
870037291930721530
464418458064312430
309408730783579625
520755083812093845
537206007450137025
109268499080413127
79024800597299865
40341165319169946
854861770261660700
79450931875883260
300443870101892426
23571418863047510
72530498961559821
647190728020915386
71751347653912410
311044207141875465
348838211386627365
55495090664130558
483774078937689316
37205233940988477
424565283791572658
35965215527576790
436437598828761530
870462695453347150
32665789065865116
133065375476118150
30831138998340525
276156034924721220
903410207516179671
240079990142467540
80796414641787390
120826663224375339
24440393496439725
77272513484176920
21654789752494990
38689523316560655
16060320916207281
438348240255167550
130073792870162600
221509647084884235
495522474338899875
448522134815569416
18544130528165550
110872917279345585
39887791047597220
91989496151547575
663120319386733208
72344768374755240
762986995290922350
31476976623160250
874911432459056916
20328746848890375
918163648179920835
445424170954727055
282335022526756815
906203419969245552
242918269507199832
53557435177895880
854970627875530140
897422220240881286
74980882437225930
47537940692204550
157693886061791625
303589909433747475
107161931333432430
491017139413751825
45972823235185182
100127433295558260
14077722283374750
18122624021142900
240583843338033825
27780335053495752
25146055860127020
499050642436292100
133815020494561308
516465128027956250
25581088818717250
10941305645490024
151616282120982525
108790224833116332
487439424663368100
53799237357456780
541990619216135544
25560063427193064
32656331732359020
535848805796709636
380579592539696004
270980956754105556
31465647837596700
115777093708175130
31330772236620675
646771534277417500
22776593486717070
73255708677667950
784612728203855166
657571364162563977
318611034653191800
240047358934601250
501621805172806500
17381548497486096
152128763548434750
589844369148750408
38439110131003500
842122982768567500
844009174458318750
328831400258833500
209544837275660250
90037445157006270
874442629382817000
867692308966752570
104186983655860875
195151505439325050
57009231736364600
457094699979775326
504166850903412900
123578573865337500
565171572833505000
810729691821898290
665416136533401120
30691021042262952
399312461244792060
58374872925066250
630253655699538780
578937409618475250
200462873256817500
675711882310893750
68954041850601180
409613580406006620
178857319828864950
216119398980084600
587839580279490000
802796757736421700
455874444844630000
612813364635398850
120426089378787500
152606625676276590
255223095044426208
153869738743201250
862043341626907440
160010758487580000
140841214175568060
403229939771109150
362858655912464250
331664198309794350
138117599282262600
53198200553699600
639682537307650200
870971305221223920
176646659628163725
35884706706160452
554400387442679400
173031752310659550
227152017691462500
49719459080387250
202307788213587000
24397974015066036
152519147883282600
19517622206717250
138543588360282000
79321863091887000
301627908743203350
127465947509184375
142831482605717220
608971580766375750
554517858224922606
49392637559382600
40337351821757970
25204713539690475
352546441174527600
216867353684535120
766815096677502600
333449869144785750
182166795615498750
33973275354716250
29148365299060800
271147656390059475
65285432972077500
593336350777170000
10569599010334476
236049909033030750
22369227750505125
130969432099823625
569633120588920500
24014192220564000
879758964446216400
731422853075241000
298074038806217520
54693640634262000
39503813352369660
467555442102882000
320866755329474550
155866352046963096
879191363630601000
260816614395412500
214957118518191000
925165538631432000
424163014428254400
174254976000000000
87354382500000000
208385298712372320
364948931654487180
116543877030330750
65107187937792000
990152025049687500
389175399112500000
714585320722072800
223596788294880000
223154201664000000
88839486309073500
935296362000000000
56989480679291160
636758718750000000
634511595803881950
165415930023093750
122706843296378880
691029618669149760
555868947799247040
647996876871093750
273095431059701250
143736045617324160
705116398378572180
92134327441406250
111819369631509540
570847495850311680
214228033597440000
201651532415833500
153664369943884800
198575943315750000
329651806640625000
86419993435776000
359618233890013560
68340206632938240
120060941218218000
82403301274814520
53033055075000000
419015408686875000
207196982487495000
82557890415000000
399287023609874400
205369355798006400
131593110572073150
73257754448298420
668333370410706000
169482148600564800
790454873292564480
863294972073187500
574332879020850180
184972904943750000
687238383706875000
144476576544179880
140432489333136000
817314167931849000
127026472372800000
228405761718750000
966027569553866820
146103116544000000
120754899538222950
398795166835212000
390166695526608000
91346808372019200
332120306881440000
142710335817899850
411130371093750000
147733675658068500
94363288263644400
61838796323304000
262245689289183600
230941870838679000
755155944437895000
934766740896738750
720313592241363120
508817845301225460
303573175972466400
383719632281231400
159318067340031600
176733249027985650
424503656870092800
145908984375000000
102773210961093750
437901080206590000
780210134619415500
270066824527500000
279156616784648400
281505730980263790
67921701447600000
111585276150828480
699699504410156250
109227026808900000
121867163085937500
973882344528843750
495809458469325000
423792531520218000
494424620106921000
281250000000000000
247151234666778750
374925845538644400
917786303027343750
510227691935131170
11865760277561190
30
210
2310
30030
510510
9699690
223092870
6469693230
200560490130
7420738134810
304250263527210
13082761331670030
614889782588491410
289408787257590
