907
250 3
150 1
10000 1
10000 10
9876 3
1237 5
157 3
157 5
7570 2
7571 2
9725 3
9726 3
10000 3
10000 4
10000 5
10000 6
10000 7
10000 8
10000 9
1957 6
1958 6
1958 5
1958 4
1958 3
1958 2
517 4
517 3
8660 6
8660 5
8660 4
8660 3
8660 2
3620 5
3620 4
3620 3
3620 2
1100 4
1101 4
1100 3
1100 2
3 2
4 2
5 2
6 2
4 3
9 3
10 3
11 3
16 3
17 3
5 4
17 4
18 4
41 4
42 4
65 4
66 4
6 5
7 5
26 5
27 5
86 5
87 5
205 5
206 5
207 5
326 5
327 5
8934 5
1 10
8 1
9 1
10 1
64 2
65 2
66 2
400 3
401 3
402 3
2080 4
2081 4
2082 4
8800 5
8801 5
8802 5
28960 6
28961 6
28962 6
69280 7
69281 7
69282 7
109600 8
109601 8
109602 8
9 1
10 1
11 1
81 2
82 2
83 2
585 3
586 3
587 3
3609 4
3610 4
3611 4
18729 5
18730 5
18731 5
79209 6
79210 6
79211 6
260649 7
260650 7
260651 7
623529 8
623530 8
623531 8
986409 9
986410 9
986411 9
10 1
11 1
12 1
100 2
101 2
102 2
820 3
821 3
822 3
5860 4
5861 4
5862 4
36100 5
36101 5
36102 5
187300 6
187301 6
187302 6
792100 7
792101 7
792102 7
2606500 8
2606501 8
2606502 8
6235300 9
6235301 9
6235302 9
9864100 10
9864101 10
9864102 10
11 1
12 1
13 1
121 2
122 2
123 2
1111 3
1112 3
1113 3
9031 4
9032 4
9033 4
64471 5
64472 5
64473 5
397111 6
397112 6
397113 6
2060311 7
2060312 7
2060313 7
8713111 8
8713112 8
8713113 8
28671511 9
28671512 9
28671513 9
68588311 10
68588312 10
68588313 10
108505111 11
108505112 11
108505113 11
12 1
13 1
14 1
144 2
145 2
146 2
1464 3
1465 3
1466 3
13344 4
13345 4
13346 4
108384 5
108385 5
108386 5
773664 6
773665 6
773666 6
4765344 7
4765345 7
4765346 7
24723744 8
24723745 8
24723746 8
104557344 9
104557345 9
104557346 9
344058144 10
344058145 10
344058146 10
823059744 11
823059745 11
823059746 11
1302061344 12
1302061345 12
1302061346 12
13 1
14 1
15 1
169 2
170 2
171 2
1885 3
1886 3
1887 3
19045 4
19046 4
19047 4
173485 5
173486 5
173487 5
1409005 6
1409006 6
1409007 6
10057645 7
10057646 7
10057647 7
61949485 8
61949486 8
61949487 8
321408685 9
321408686 9
321408687 9
1359245485 10
1359245486 10
1359245487 10
4472755885 11
4472755886 11
4472755887 11
10699776685 12
10699776686 12
10699776687 12
16926797485 13
16926797486 13
16926797487 13
14 1
15 1
16 1
196 2
197 2
198 2
2380 3
2381 3
2382 3
26404 4
26405 4
26406 4
266644 5
266645 5
266646 5
2428804 6
2428805 6
2428806 6
19726084 7
19726085 7
19726086 7
140807044 8
140807045 8
140807046 8
867292804 9
867292805 9
867292806 9
4499721604 10
4499721605 10
4499721606 10
19029436804 11
19029436805 11
19029436806 11
62618582404 12
62618582405 12
62618582406 12
149796873604 13
149796873605 13
149796873606 13
236975164804 14
236975164805 14
236975164806 14
15 1
16 1
17 1
225 2
226 2
227 2
2955 3
2956 3
2957 3
35715 4
35716 4
35717 4
396075 5
396076 5
396077 5
3999675 6
3999676 6
3999677 6
36432075 7
36432076 7
36432077 7
295891275 8
295891276 8
295891277 8
2112105675 9
2112105676 9
2112105677 9
13009392075 10
13009392076 10
13009392077 10
67495824075 11
67495824076 11
67495824077 11
285441552075 12
285441552076 12
285441552077 12
939278736075 13
939278736076 13
939278736077 13
2246953104075 14
2246953104076 14
2246953104077 14
3554627472075 15
3554627472076 15
3554627472077 15
16 1
17 1
18 1
256 2
257 2
258 2
3616 3
3617 3
3618 3
47296 4
47297 4
47298 4
571456 5
571457 5
571458 5
6337216 6
6337217 6
6337218 6
63994816 7
63994817 7
63994818 7
582913216 8
582913217 8
582913218 8
4734260416 9
4734260417 9
4734260418 9
33793690816 10
33793690817 10
33793690818 10
208150273216 11
208150273217 11
208150273218 11
1079933185216 12
1079933185217 12
1079933185218 12
4567064833216 13
4567064833217 13
4567064833218 13
15028459777216 14
15028459777217 14
15028459777218 14
35951249665216 15
35951249665217 15
35951249665218 15
56874039553216 16
56874039553217 16
56874039553218 16
17 1
18 1
19 1
289 2
290 2
291 2
4369 3
4370 3
4371 3
61489 4
61490 4
61491 4
804049 5
804050 5
804051 5
9714769 6
9714770 6
9714771 6
107732689 7
107732690 7
107732691 7
1087911889 8
1087911890 8
1087911891 8
9909524689 9
9909524690 9
9909524691 9
80482427089 10
80482427090 10
80482427091 10
574492743889 11
574492743890 11
574492743891 11
3538554644689 12
3538554644690 12
3538554644691 12
18358864148689 13
18358864148690 13
18358864148691 13
77640102164689 14
77640102164690 14
77640102164691 14
255483816212689 15
255483816212690 15
255483816212691 15
611171244308689 16
611171244308690 16
611171244308691 16
966858672404689 17
966858672404690 17
966858672404691 17
18 1
19 1
20 1
324 2
325 2
326 2
5220 3
5221 3
5222 3
78660 4
78661 4
78662 4
1106820 5
1106821 5
1106822 5
14472900 6
14472901 6
14472902 6
174865860 7
174865861 7
174865862 7
1939188420 8
1939188421 8
1939188422 8
19582414020 9
19582414021 9
19582414022 9
178371444420 10
178371444421 10
178371444422 10
1448683687620 11
1448683687621 11
1448683687622 11
10340869390020 12
10340869390021 12
10340869390022 12
63693983604420 13
63693983604421 13
63693983604422 13
330459554676420 14
330459554676421 14
330459554676422 14
1397521838964420 15
1397521838964421 15
1397521838964422 15
4598708691828420 16
4598708691828421 16
4598708691828422 16
11001082397556420 17
11001082397556421 17
11001082397556422 17
17403456103284420 18
17403456103284421 18
17403456103284422 18
19 1
20 1
21 1
361 2
362 2
363 2
6175 3
6176 3
6177 3
99199 4
99200 4
99201 4
1494559 5
1494560 5
1494561 5
21029599 6
21029600 6
21029601 6
274985119 7
274985120 7
274985121 7
3322451359 8
3322451360 8
3322451361 8
36844579999 9
36844580000 9
36844580001 9
372065866399 10
372065866400 10
372065866401 10
3389057443999 11
3389057444000 11
3389057444001 11
27524990064799 12
27524990064800 12
27524990064801 12
196476518410399 13
196476518410400 13
196476518410401 13
1210185688483999 14
1210185688484000 14
1210185688484001 14
6278731538851999 15
6278731538852000 15
6278731538852001 15
26552914940323999 16
26552914940324000 16
26552914940324001 16
87375465144739999 17
87375465144740000 17
87375465144740001 17
209020565553571999 18
209020565553572000 18
209020565553572001 18
330665665962403999 19
330665665962404000 19
330665665962404001 19
20 1
21 1
22 1
400 2
401 2
402 2
7240 3
7241 3
7242 3
123520 4
123521 4
123522 4
1984000 5
1984001 5
1984002 5
29891200 6
29891201 6
29891202 6
420592000 7
420592001 7
420592002 7
5499702400 8
5499702401 8
5499702402 8
66449027200 9
66449027201 9
66449027202 9
736891600000 10
736891600001 10
736891600002 10
7441317328000 11
7441317328001 11
7441317328002 11
67781148880000 12
67781148880001 12
67781148880002 12
550499801296000 13
550499801296001 13
550499801296002 13
3929530368208000 14
3929530368208001 14
3929530368208002 14
24203713769680000 15
24203713769680001 15
24203713769680002 15
125574630777040000 16
125574630777040001 16
125574630777040002 16
531058298806480000 17
531058298806480001 17
531058298806480002 17
1000000000000000000 1000000000000000000
320340149833402905 370
722157817886116581 18981
484057442706059346 265564
528638692272242630 1269915
875099471212944398 11726547
60254531743825315 9020274
628653458712769315 369006081
930381750196784286 3421827826
771266895364946857 8079009346
234401730061813135 13068877827
491017011451966740 9
316500424760059385 9
847780688059215131 2
822734985383816502 16
651857603682415779 3
901522498931502631 14
499752690251785328 9
158775549244377930 14
872601709459442529 8
515450365637910163 13
92507700739481607 10
605517790133334376 15
386328369807836236 4
956167884590421697 19
153061430126787464 17
950448396080358293 7
104463660720617827 9
919733942299028680 18
906725270250231928 18
229531248015400702 6
427471860731687073 10
136191060239889334 18
891615196152791520 5
793199471950294269 4
596370632606201147 3
303316284108709109 18
165961063663248947 4
812215434741617597 3
759972938106219491 14
793488710570124079 16
47716799244148512 10
564336544477182336 20
234082685651804385 6
188419805450664752 19
730867469187603855 20
718293577649500856 7
721967412146418630 3
214908105863000525 13
986781588043225912 18
323472383162972394 20
810449288597328207 7
375129539687292244 16
996684885304960868 4
409505418905260034 4
471070246536238428 20
301510433816812354 4
527256893243638140 9
826480832987942568 14
681012916960990765 19
868544476885962204 14
914912866050902189 14
400839875789513290 16
848653701007889004 15
819868340807083825 5
391857163573652256 3
460827453442007040 4
938586986783013467 6
666983581319080117 2
65486108942605269 12
964586608254441160 7
378470604840396179 13
324463377228218233 19
490767327597120748 4
264267106864669851 2
6472971352487698 17
232810136303273345 6
615947464972898131 4
391649958345671966 18
799720791525913239 8
674157043646542663 2
434438440265540125 2
316712630210097634 3
384521524935791506 6
223010007139011970 8
787315520528251906 13
547998739952863897 7
962050556648340038 5
197781913679242196 11
178182031139141877 6
479056347366386431 6
235004927512444283 9
906870855334425960 18
541733864241317335 18
136064550881554946 17
529420829366571885 7
260283450215634250 5
310725178942092450 2
63475305069589302 2
858934471131898388 10
25096791458540909 15
23880688206989558 18
474673072251586682 3
286071191879053713 3
364891568499824172 7
178082093289103057 8
545360642842456525 19
45026153541369731 10
190216121932941902 4
60499323482604604 6
492321167007397151 5
902811583526931512 10
549997845208983533 15
587729850428526635 14
342578347717789654 6
795152205325912360 12
440727639135795804 19
850970874515386079 2
406957891729431526 20
367227172069639611 15
115686138940855723 14
163312102752423338 9
412872760864554836 15
800784753627285676 7
857371852232248187 15
255430380151579089 10
767746074351372662 17
376869722110284338 11
380721281122923232 10
654692939778289841 17
482093886119850251 14
540985660664772070 18
638304156091519852 15
122350018926042208 2
485219088238765808 9
723851099915928045 4
957348389514069501 8
102026839917468628 10
234527230752656935 14
307032676297474023 19
629263351855265618 17
706001962858614315 7
335313363384894086 7
471169962424936507 14
405797133038000230 9
365355700162547334 18
257955472257174211 10
721014473618913617 19
982915881281752488 17
824063470744849929 12
601003149182741800 6
946250587366356248 10
656137029300416053 14
847399627466434695 2
151191889676721545 10
536505604038459077 10
28048844646434674 19
192528493425015093 9
164981127696015444 17
105456785135549365 5
267134735437736467 16
361927012037795178 9
560683013927952703 7
614605978510844248 5
53331114263913026 9
493135443355608439 18
413307312500880695 3
236451907464170928 18
396337052687709407 15
571031467480851695 12
851141048298374683 17
443468732423575645 4
242240525005841 19
88933381223350146 13
487856273188793392 17
764984499905123375 19
877514570772432666 7
244040200173361062 15
289621510251097792 20
641405011529551660 17
808365789551008500 5
152079337128099042 4
437099351405177920 16
711011214560271290 3
227869006761677229 5
481167193083258176 12
85076015013088736 4
451604877505588012 14
916246613212914302 8
97611493801737255 11
463441761662474953 19
573080376975770910 18
270185218645404927 19
459748514572873420 19
683058867681116553 4
787062921355286745 18
779005383189879461 17
544922188458092070 17
62192382614444362 20
585705106102834168 20
907499947092399853 16
420217709622294261 20
165913596795885350 3
316131835791208693 2
20700457951159896 18
477933601339135233 12
742238058707824555 17
205051314867744417 16
99456794102577754 16
751079255868321277 2
713633696527923327 19
751921409925026819 13
997389701346796893 19
182779082923686580 9
221619551254592284 18
16157721210292732 11
926299924086218553 20
58320911881472736 15
158181643187982067 10
761709122870420634 11
442320475991365313 18
565977615078033645 19
865365474100649708 15
710458032229249727 12
822592307535577019 17
568136810311804584 7
282239546990998555 2
440341638733772415 14
828179128383267795 18
798898514936892658 8
98566383900242776 8
104411638305880181 4
321576952156054991 10
190688511072265637 12
45830244557593739 19
628052531279940744 11
311844029995941200 10
412993081180716718 7
315034296510954263 19
285027727246433465 19
27689381777396852 16
403564723122130103 12
772278652075446612 19
91569676985129628 4
918624775983556656 5
353238801454573961 7
698625676318752816 8
982850238003300271 8
969166323869076360 6
471603045324772735 4
643451177428542491 17
644936297203819211 6
481992442930874446 14
158983281164226507 12
214809128060831116 14
660267019656168251 2
991338019516653363 12
68957686034030084 2
401712219040838143 4
847424108680125574 8
658397253619953525 5
539839233480845518 8
880704555048677426 16
994889645351757639 19
636903175696722854 12
288134061339472515 18
223040487277832336 15
964381449579541859 20
912192289598326924 8
454633369436698962 11
704298545882250473 13
766503926405207450 5
22049601435332826 6
850519291838494110 10
545318932104044343 11
621650879498898776 8
259224724530684474 7
244873076591443021 18
80132701614793830 4
932477484385218293 16
600979106313861867 16
929840053950089261 20
67890571429429832 2
495012002477275056 16
931931052659346483 8
17119857948139453 3
371903204862649658 11
949565607303026675 5
587386266803937611 19
32595069333048810 4
406252278543669127 6
122719232502791900 15
549512635981330325 18
647337990310528543 12
861989844795537392 6
102391423144674785 14
429855792697935542 10
466031673666550675 19
705933087082936293 7
201628397990120837 9
