18
15 1
4 9 15 13 12 14 10 2 6 1 11 8 1 7
49 27 42 1 30 22 23 15 21 36 34 5 25 49 10
15 19
12 11 15 1 3 14 9 6 4 2 10 8 13 5
11 5 46 38 47 48 20 22 24 35 43 10 19 1 37
15 21
1 1 1 1 1 1 1 1 1 1 1 1 1 1
48 4 28 3 2 18 3 1 39 25 25 24 20 37 46
15 40
6 2 7 1 9 15 4 10 8 12 5 11 3 13
14 19 42 21 47 48 23 18 3 26 7 30 1 33 1
15 35
6 2 2 3 1 3 14 6 1 14 1 2 3 6
6 23 8 25 18 29 25 18 5 43 21 31 2 1 35
15 49
1 11 9 9 12 12 15 14 11 2 14 15 1 2
9 12 29 35 21 7 5 2 34 23 9 29 46 43 31
15 49
9 13 14 15 10 14 3 10 1 1 13 9 15 3
7 7 22 21 38 9 42 45 14 47 31 37 6 10 35
15 8
13 11 7 6 13 6 11 5 11 1 11 12 10 12
21 35 2 28 7 25 16 16 18 14 30 17 45 19 23
15 48
12 10 7 13 10 1 15 1 9 3 10 12 11 12
23 23 12 33 29 39 36 21 46 2 2 41 21 4 27
3 2
1 1
40 33 40
15 1
12 7 5 15 14 11 4 8 2 10 13 6 1 3
31 29 36 35 34 38 31 36 37 38 38 35 33 33 31
4 2
1 1 1
38 33 31 39
11 1
3 10 6 9 2 1 11 8 5 7
28 34 30 37 29 30 36 36 31 37 28
2 3
1
9 4
5 1
1 1 3 3
22 19 20 21 20
7 4
3 6 3 1 1 6
45 50 50 50 45 45 50
3 2
1 1
39 45 38
3 4
3 1
45 47 49
