12
3 10
4 6
5 10
3 7
4 15
10 1
12 6
2 5
3 7
5 20
7 7
7 7
7 7
10 9
10 9
5 21000000
7000000 7000000
7000000 7000000
7000000 7000000
10000000 9000000
10000000 9000000
20 123567
123567 1000000000000000
61783 500000000000000
41189 333333333333333
30891 250000000000000
24713 200000000000000
20594 166666666666666
17652 142857142857142
15445 125000000000000
13729 111111111111111
12356 100000000000000
11233 90909090909090
10297 83333333333333
9505 76923076923076
8826 71428571428571
8237 66666666666666
7722 62500000000000
7268 58823529411764
6864 55555555555555
6503 52631578947368
6178 50000000000000
20 1000000000000000
1 1000000000000000
1 1000000000000000
1 1000000000000000
1 1000000000000000
1 1000000000000000
1 1000000000000000
1 1000000000000000
1 1000000000000000
1 1000000000000000
1 1000000000000000
1 1000000000000000
1 1000000000000000
1 1000000000000000
1 1000000000000000
1 1000000000000000
1 1000000000000000
1 1000000000000000
1 1000000000000000
1 1000000000000000
1 1000000000000000
20 1
2 1000000000000000
2 1000000000000000
2 1000000000000000
2 1000000000000000
2 1000000000000000
2 1000000000000000
2 1000000000000000
2 1000000000000000
2 1000000000000000
2 1000000000000000
2 1000000000000000
2 1000000000000000
2 1000000000000000
2 1000000000000000
2 1000000000000000
2 1000000000000000
2 1000000000000000
2 1000000000000000
2 1000000000000000
2 1000000000000000
20 12
1 20
2 19
3 18
4 17
5 16
6 15
7 14
8 13
9 12
10 11
11 10
12 9
13 8
14 7
15 6
16 5
17 4
18 3
19 2
20 1
20 12
20 1
19 2
18 3
17 4
16 5
15 6
14 7
13 8
12 9
11 10
10 11
9 12
8 13
7 14
6 15
5 16
4 17
3 18
2 19
1 20
20 168669314739499
130758840866706 470191649895102
221427988528930 432326649185856
624863464680697 45419999924171
429818800626829 585448066482871
341670207721911 737666115198062
390743686036611 248843200355217
899873949635629 575280619968903
272731930744690 710153815244977
166288143724510 341332211007917
279594144466949 926264627291692
730572108167749 206020727010306
47263946828389 361114978709937
141614083562608 160546364508632
766968855869220 272075924005939
990962710483751 653418819586700
229832528681798 627628408328133
55619502314425 110704457512000
577223227714174 240038878659554
754969487938585 269544083026461
290491824414850 417242904370555
20 632272042847604
480123600327587 670822286535765
905860827863029 501744349967066
497141232847449 521952548870849
951265999681167 614789606125387
368541784258048 840518760238528
385274309859320 325788713777916
776516192629799 240504500293357
488110056440203 389804189813713
797270094400711 925190038838908
476366364772187 159563383259764
669035444775333 846206029323631
520730906973749 325110644797581
419108491456672 607625176414837
692254213464009 941463801924108
920239471609636 173569356774831
250291992195808 199399618956136
668923788197 984370500144985
405080787430974 247551152078192
201261538193273 512270094656893
130413343477505 966351055208318
20 199151960654847
560549445860878 519110218744558
624173634082617 455968234533265
34854616405338 773623009792048
171556150741269 186194117068827
86083874200558 477398851810859
143352781796439 52534407179926
755011849955174 550966516386263
297239276422088 239148953922996
899781173744419 532930302585231
875664500237353 645818630283075
493791129159713 412361682835954
179663396742897 195619021725073
108253524311829 254340236454334
92164896286548 863096245424295
815240529239671 774266653956880
730742111562897 477708731761654
763820066907874 684023051079334
517795879570232 135568928198819
387263288019092 246001556572858
621565862835780 147357320061170
