24
3 10
4 6
5 10
3 7
4 15
10 1
12 6
2 5
3 7
5 20
7 7
7 7
7 7
10 9
10 9
5 21000000
7000000 7000000
7000000 7000000
7000000 7000000
10000000 9000000
10000000 9000000
20 123567
123567 1000000000000000
61783 500000000000000
41189 333333333333333
30891 250000000000000
24713 200000000000000
20594 166666666666666
17652 142857142857142
15445 125000000000000
13729 111111111111111
12356 100000000000000
11233 90909090909090
10297 83333333333333
9505 76923076923076
8826 71428571428571
8237 66666666666666
7722 62500000000000
7268 58823529411764
6864 55555555555555
6503 52631578947368
6178 50000000000000
20 1000000000000000
1 1000000000000000
1 1000000000000000
1 1000000000000000
1 1000000000000000
1 1000000000000000
1 1000000000000000
1 1000000000000000
1 1000000000000000
1 1000000000000000
1 1000000000000000
1 1000000000000000
1 1000000000000000
1 1000000000000000
1 1000000000000000
1 1000000000000000
1 1000000000000000
1 1000000000000000
1 1000000000000000
1 1000000000000000
1 1000000000000000
20 1
2 1000000000000000
2 1000000000000000
2 1000000000000000
2 1000000000000000
2 1000000000000000
2 1000000000000000
2 1000000000000000
2 1000000000000000
2 1000000000000000
2 1000000000000000
2 1000000000000000
2 1000000000000000
2 1000000000000000
2 1000000000000000
2 1000000000000000
2 1000000000000000
2 1000000000000000
2 1000000000000000
2 1000000000000000
2 1000000000000000
20 12
1 20
2 19
3 18
4 17
5 16
6 15
7 14
8 13
9 12
10 11
11 10
12 9
13 8
14 7
15 6
16 5
17 4
18 3
19 2
20 1
20 12
20 1
19 2
18 3
17 4
16 5
15 6
14 7
13 8
12 9
11 10
10 11
9 12
8 13
7 14
6 15
5 16
4 17
3 18
2 19
1 20
20 404866535974285
26850390631420 818953691696076
477407207771321 467134265569273
245093837340472 630394845334408
290756136561400 368948875396948
509413885565448 421370881250445
171595351274638 879081563084726
631644598446326 404671938091075
720889475136174 259867042967041
487466725431429 689797710274655
393566472674322 233385222723117
486869499083782 304532870330543
100115496550920 710500807857515
82111456384869 56269826439551
203982185165416 319593449612390
271744828883514 864321890220323
661316501912995 473601138346008
412803892795099 779629253860966
681292551936907 504837120067321
850088823904983 809277031296775
743826429113068 123141498223080
20 139529141927065
453757842681083 142112103163150
813778372139342 474657437639805
952066205973319 445529936422846
426548797354896 693233262059672
186183134754418 354192248320284
705635418249964 823820877188938
776665348551866 34017368904149
174898473429949 201786097049450
433990911015448 653677419110047
552876591139906 405785114397811
841345311188989 660987795217114
48115484019527 885446669885741
426018114621886 331827901468085
239615385061263 547525739472702
162040959743024 837542958321296
432015905467793 110243591629177
796622718356862 416153801609799
875981600286258 983688930730591
859769569862907 218914217173483
898589982500407 242097731604128
20 164664695053325
640975937658952 694923220975847
623536765564638 798197435821766
65621262591780 402613461023787
7322387829911 282446608990277
928514355037720 573574169826073
988661223949256 408612826661562
369917623636128 868067122651884
792385613127990 535730698203452
46616580786520 111047137852184
467335402393896 996579299386437
109112421063650 802079349609996
1640965552096 242381022192826
100980975162423 213389712214570
283065232536854 344372987601924
136669020029041 506272132550826
568140762433060 774009685930580
134973236341105 68814436113975
807011946448620 338712632676637
983792300065446 248624148909751
842507730512114 84076473636654
40 123567
123567 1000000000000000
61783 500000000000000
41189 333333333333333
30891 250000000000000
24713 200000000000000
20594 166666666666666
17652 142857142857142
15445 125000000000000
13729 111111111111111
12356 100000000000000
11233 90909090909090
10297 83333333333333
9505 76923076923076
8826 71428571428571
8237 66666666666666
7722 62500000000000
7268 58823529411764
6864 55555555555555
6503 52631578947368
6178 50000000000000
5884 47619047619047
5616 45454545454545
5372 43478260869565
5148 41666666666666
4942 40000000000000
4752 38461538461538
4576 37037037037037
4413 35714285714285
4260 34482758620689
4118 33333333333333
3986 32258064516129
3861 31250000000000
3744 30303030303030
3634 29411764705882
3530 28571428571428
3432 27777777777777
3339 27027027027027
3251 26315789473684
3168 25641025641025
3089 25000000000000
40 1000000000000000
1 1000000000000000
1 1000000000000000
1 1000000000000000
1 1000000000000000
1 1000000000000000
1 1000000000000000
1 1000000000000000
1 1000000000000000
1 1000000000000000
1 1000000000000000
1 1000000000000000
1 1000000000000000
1 1000000000000000
1 1000000000000000
1 1000000000000000
1 1000000000000000
1 1000000000000000
1 1000000000000000
1 1000000000000000
1 1000000000000000
1 1000000000000000
1 1000000000000000
1 1000000000000000
1 1000000000000000
1 1000000000000000
1 1000000000000000
1 1000000000000000
1 1000000000000000
1 1000000000000000
1 1000000000000000
1 1000000000000000
1 1000000000000000
1 1000000000000000
1 1000000000000000
1 1000000000000000
1 1000000000000000
1 1000000000000000
1 1000000000000000
1 1000000000000000
1 1000000000000000
40 1
2 1000000000000000
2 1000000000000000
2 1000000000000000
2 1000000000000000
2 1000000000000000
2 1000000000000000
2 1000000000000000
2 1000000000000000
2 1000000000000000
2 1000000000000000
2 1000000000000000
2 1000000000000000
2 1000000000000000
2 1000000000000000
2 1000000000000000
2 1000000000000000
2 1000000000000000
2 1000000000000000
2 1000000000000000
2 1000000000000000
2 1000000000000000
2 1000000000000000
2 1000000000000000
2 1000000000000000
2 1000000000000000
2 1000000000000000
2 1000000000000000
2 1000000000000000
2 1000000000000000
2 1000000000000000
2 1000000000000000
2 1000000000000000
2 1000000000000000
2 1000000000000000
2 1000000000000000
2 1000000000000000
2 1000000000000000
2 1000000000000000
2 1000000000000000
2 1000000000000000
1 999999999999999
1000000000000000 1
1 1000000000000000
1000000000000000 1
40 32
1 40
2 39
3 38
4 37
5 36
6 35
7 34
8 33
9 32
10 31
11 30
12 29
13 28
14 27
15 26
16 25
17 24
18 23
19 22
20 21
21 20
22 19
23 18
24 17
25 16
26 15
27 14
28 13
29 12
30 11
31 10
32 9
33 8
34 7
35 6
36 5
37 4
38 3
39 2
40 1
40 32
40 1
39 2
38 3
37 4
36 5
35 6
34 7
33 8
32 9
31 10
30 11
29 12
28 13
27 14
26 15
25 16
24 17
23 18
22 19
21 20
20 21
19 22
18 23
17 24
16 25
15 26
14 27
13 28
12 29
11 30
10 31
9 32
8 33
7 34
6 35
5 36
4 37
3 38
2 39
1 40
40 743735102976924
444403863422094 322299016185320
461172686528681 800971663995648
110534269018965 588367030978445
248428173482250 578169411428414
238833024651906 7760795886963
234452165710973 556016228559272
68195796944356 449936316136811
298354160270394 737621228385117
200908773603952 169803564886708
353250703934366 692693099978182
363182095163828 582233083674893
307178117072612 915834982560468
365196366078318 976864539035531
421443239628653 711070287373165
265636112957202 628554762576375
422738479606573 131942844733969
160564297965356 232106982874085
392833813798572 888321481896079
21398216824674 160207031602650
432890896129995 454828550699036
48685185342850 31498250172816
116655280404649 512946630666684
146638441827252 151003117988977
94587167526740 686050595982739
14939229215440 536162632775780
219100209315075 229111924536242
273797316990008 145117037570585
371859412917502 583366558387668
450559362065805 786700287418081
185870884721647 248820939197479
130699791777857 56662070048038
178741533995925 689363372384260
238196501348328 274062332107346
471193494475190 834149902606412
423516937532121 229948094896282
181113520055462 345552045733864
442859761461843 296527410958864
203223082697662 839608372453279
454970574266731 31987144648200
62149669761319 468428458206749
40 28200033082178
618069016379318 480120066771863
571160456025620 601414934326773
718910709980564 224372636975182
719991900259514 409943494798017
781230605026895 428142252170156
429487330839116 595508518533447
764302088417208 890641366797344
990701836523394 700047984188288
124196798399143 205469647763645
640816107265794 815833095149488
864321855988036 802896025054292
609749434895996 948133101226290
49021555044625 160370174706367
220667650244626 197111236630397
956763309847548 76617945107615
702435579504672 337199929981800
905075080260256 177090412590973
261763909697976 49564278180252
582042413185530 997404518925418
625884995202975 121260972157812
224633155482262 313823830604002
885616678875483 543847202243656
862122382406497 640551868882939
772075358166276 287649213067521
389489499924883 336737222095503
354664229135939 466725417592675
327801241358857 26889046375537
204906813568596 258840498840588
753353913170719 485218724735276
469684015936289 332147687274881
922618989466510 305222274596360
192973405033978 125728037090305
96399779358516 619430298886945
973145387234595 214750025910889
231021724185119 631935652404434
613151893376266 668584120391376
427417368996465 988544594995079
267435567211229 741667068929075
551877243254021 422980803770076
794842562311827 496276797825509
40 617384317156887
374967505328188 939923784641010
60044137630092 24830361534664
478614525657821 802271114671983
352137967630769 765868351262031
327561953902024 259000394103757
102532803706267 703270206833409
124394082231341 866244332263327
174537240239077 998980724915306
26568869884318 29313888054279
286458225177650 851562617821976
183138416814657 380211459125486
433093041214030 515880970167644
451329697832458 101962604379491
147655389427152 339174225456003
144035292213410 890431037287142
343030140291804 136581025730326
480635359670363 248750021915177
168321886984723 57934069122964
211211282467477 911586711931414
465676068693248 330729407128248
257378169149899 203933106848182
169842323498182 313459974045208
115356156106930 755638992549934
256092455417813 24126966068342
249060169349349 441824798078539
167691987234934 303332809412771
160231521991390 411811737032996
99941644073384 203767196646687
342465708683949 221211066927654
176078424005144 136812577834792
497745565661704 134206770373865
410684267562299 825265851344379
294723432422279 967399687417368
209927098200969 232838670858159
171483383544647 166703272521940
400671688618832 702647775375519
73253859654211 232951777524052
466883893941441 106533862882475
431179635241979 923491822963262
403619215469019 143534936745334
40 334756861007802
384240862773608 118684730379152
331880012065552 507492728455746
374757533391448 960439022496905
332246741279236 536015713660697
126087117856296 628503688630705
103695062384394 805454111189042
322150573746022 556479467983452
401374323983596 242384500725478
133124335917605 998322391501487
358499894211397 230092071238653
330206069683218 470615471509913
4884773360211 928186636510938
322433534618148 929501033461659
96718427608999 309803938920332
266051900812137 646945123862688
120613168194109 642915437211425
69652461749363 542795284513212
307232169720175 334097887585621
324168078593926 476919129805480
359181317766177 830954744567174
379735935682810 33273509125776
74972436693301 572480519084176
52841807016556 222862601233921
144796721353341 923687006307150
130100178563775 970009697293970
395704989080299 346683278405773
454105579942645 858582333792453
229670143084629 662264575069934
311165289416020 847142530379031
39795779277907 926935268532683
273915717431290 525871330960789
342272930901802 343554372644779
435859920042808 124899259609561
345074847638956 729381948246490
328592847320804 413185500425008
418172028335028 410469898024527
404890541774857 973817074546938
144099050044035 216256812537100
344010521973344 914626633892717
242670146731180 266161531637904
40 844777440328449
556801553485213 965657530779823
154736720081528 958728585554718
316506434310461 836983115414576
791529090348696 857282748445403
67552309049403 384354491021648
202223235007366 491404924319664
330069886055670 545209006146921
332960749158372 825233680780364
105210161150465 334872943288861
88605158393099 374850430145524
313026343353896 27139875992985
342149594210871 213300551632577
427389697657427 465399854069480
600383207736702 152716637139793
298076998744595 478677519990768
130362379412258 561588833219764
466315850766992 557724310881141
196069401609162 122173581921257
935153930025471 946859349982710
925570790963870 423384704179924
980137880305577 117067429384792
48042360519141 800348945742938
867373103026641 658885028619552
399384816148561 185380433784358
666082019157611 368040097981721
837516630868295 766739331924742
511096244955077 182523614245376
949305902206430 720700371976864
668430925371772 716651351446323
102693007414779 684030056052669
505957396024411 644727661653962
574431487617091 996726729368531
123475370662197 939837592524671
425834125167298 520593955607947
400294805264320 26114866110308
854990563707900 265328902038885
725229195232670 920259069520313
982121622395139 859405787775639
187719412607397 763873869238150
391635583374627 147335525306856
