100
20 377887129353377
612537287155844 116484365063144
275545394653654 673169564024822
708733997915008 205749443254416
866508217703145 913794104928594
104516346022728 360422678208009
67787824116866 833757216520906
262933866917646 107117244129909
761855636123845 676567667899969
875895386158023 27670265481120
540127429988391 844411549852587
872368648748634 822087817174629
96407805209481 676720428054262
158973068499392 71899273924390
67340290413350 482180343073843
499068583489229 780169868485385
555530902559638 881713225483835
379769796052529 503520068465030
840495665274803 523444601775199
851007114749556 635214128903806
899419676884234 625991889552633
20 796688956874734
686527791673143 857581497335705
524339026125722 684580760072751
926083548023945 334360910861559
111777404673290 145022420759558
114956986964640 783899837361990
368107104639266 9695611223847
52036403820522 711904495406732
668426044552577 89745729853240
1670844869793 925653233609167
333478049398984 112337268292031
336022457985027 817320452789308
654271227513500 174754903904245
962492135587531 329152804727862
818178324020204 503650525831247
810749110248229 963158704100488
327033725918933 555402490277516
786832845718733 830426861054590
168047407032651 744331115224393
679994130646928 854380432280838
857209771397671 139212251020437
20 226947443018414
610198487551183 583947030265518
740332303262323 991999187724685
292800428081403 313042692791816
275316253672072 896719129469862
334089723558175 495168933181928
431104426015900 691212347442848
217849361191443 790349541620061
462564479686134 314050106951059
905845736597781 802393134220628
81142990250361 849637649286432
807000414038115 114336344168398
426673268563977 928361242217551
47078644214040 509524472018190
897754147080825 880337726395316
797191987788021 131157743347586
637149041382110 840722137953040
205978056940204 809265490295970
461969239330275 907910298629685
134092154368066 94110680735621
264884463598527 866850132005018
20 252157210473522
211520821057317 429093703050257
958182199823448 765288206196626
414059277704579 633809964505765
197716205675456 877214290935637
766442531975754 811526034640127
134006996993234 595104866808950
485345646929340 97949957697333
874669835730814 625983973930857
448263118182303 11446793212735
206771949903234 160392291857134
862822875231073 549697065842456
234783515619100 194385923071398
420065322352225 290221916441183
818620783629247 664544594963351
619335315103868 636518521522609
458772645838596 545751912239489
104274188788992 532917410722900
297915535808647 332946989614400
294313061771738 883904439414477
547904595629169 211990359758646
20 366260493487624
927989429649277 16741343342203
66021905121849 242495751929731
371851641592460 446603653458519
731916239302401 49763057042522
768346101934025 768305457526262
415806462030795 326261784266199
322101147273523 420948159228564
869067584488091 931282318296050
477347962308441 558269239221508
71472334476146 953540284869477
302413687222823 158184236143238
486465309652944 204168640429505
237008906754235 624617874489859
562882479590252 732601211351027
415878743676243 637052804172555
534401273109149 469526187559274
363892399372804 894529653921073
516384154997768 458370123254839
401274522314230 48045601638905
350323317098098 283462829155561
20 410797895297268
235659358557691 338150458242079
73348603141214 36616624991748
511472995711342 663060961154251
867028527109898 98462900984035
584314705370688 898262860979316
601473497036298 845550349784266
709628266963485 328524685077439
313377453934079 116255953512690
768451447285613 367780941708177
126757993422821 631408419559789
122318024886089 157613289846304
805150853724944 349772491754989
681948273379411 638389360966684
765533240155995 344432257610087
833037863971753 521307654650819
665330445520195 531540675795447
841959906556107 464209065188136
372264841859440 554289469937305
859408439801503 48897846658357
749358712610678 636222546570178
20 452463913921758
13658173472005 14477815919137
820228799294834 465219727040278
492797811462034 11831811675903
97447205492277 369778280896117
217126758005795 931565840392705
917431562767053 210796015682657
377760723155697 694979444267878
218134840593996 888691474965010
71291890315913 506964269412273
106684596826228 927887185802347
791229008454985 634995127538486
974572196804185 335669967342789
115610792123743 970157789521324
150849456985876 514939286174706
757139067780494 95436943232310
163590292531422 474373159140228
992937046584437 854873448496120
304076047007285 648300837234296
91350162321379 127788149483408
668410436248339 342678517601298
20 102295533093638
223067449371477 235157085170387
361130467624760 963607873644236
446276069474894 367769854975076
3709059059217 964839409377383
946638430001606 765120694447979
478243183529711 948180441067489
414237174745309 232321412992763
197325542228085 789444678835245
884465966140434 855261735393583
771582893551645 254651612952013
445995209427170 846415778915859
494555646028398 156233357646111
605321620442730 35726191725564
90971791215874 591767285153332
338449921650257 700720805630278
17474307815799 611202986192782
880991702040322 378489027642040
852524441078582 284374416347255
666710523155884 519369618647883
883436102405915 668794487227482
20 12631925789429
691288872246129 648850162249360
823784450091816 104913597155314
795318612239411 542912575053390
534822016770510 206815232135365
290514049763075 520738670114706
972108521927689 85772561830027
228218949678411 977055882366306
802522781507153 661371871248191
689961815596386 814269049669269
191051209528926 947194139393336
70308265715842 485050552329573
487690601473806 736628913745438
473308677037074 427962046106417
664491176558087 364491442008615
470984351483613 853480123998986
593939502306788 361354779616013
865565202598386 627651399517584
708241069319700 239713451167797
778643712005533 173424195148563
255691943750190 623116401369464
20 178103335504699
752738356877159 145579518835843
441022428136559 242921534259321
169046978608231 523861084373309
975394881145421 925942044993409
257247312250671 102401275349014
53809777706938 747549526839146
294458691318210 141936889388884
134436351060098 903944241233229
900074503658306 240827541735257
288691036884356 535381654800403
511551973368825 858442474006402
705438242595050 573718757977633
925390227658315 378581891471502
828333749897726 846214790818726
805726173907641 18332674707030
17888563674268 869544277375196
405404959624055 417887610810804
802553100662587 571252504446796
884786074495499 584098563745987
122050785885152 941997406845903
20 810037382643144
333716841307339 85088443666858
143750828224061 275192077264105
492000501476226 470423017258499
660125337102842 868720957166151
99715696210723 909091649851753
888147255490987 269631074755202
284966394688628 757151580700933
682360024884246 84619686750524
447927719146572 976157253635986
624344370204541 33697969838659
853725889833839 574026977192780
595973610377924 274301817499213
222926578716909 727740792557836
479002388798593 132062172193055
730052793154710 602279643780679
28350499066759 103929971304196
469079458482229 243476294251244
645065803641169 526898461518923
796137995236920 117715532230504
859573197612511 704075425438591
20 558715572213813
380951353860760 390506498588514
626214848602109 328948920778794
643912486478428 232898430190850
568087848389644 268953693098821
696877455698045 177638329691484
442819253083351 539706783314032
367687328669312 917477293766380
382116747273115 6274319955367
924354569116570 655203622133531
467362992504712 48309679298855
87975728286441 942218570731962
729130372042735 495506884266256
560504689306680 178145702468429
306840426350162 9441683586387
111891599440950 603681909458757
843860470345916 374590576064712
383090021979917 469704686119236
383639067924930 436453026299410
438590289413256 221101711839756
311199712655712 867188156491122
20 654522258572060
415618107026751 733513178235890
907530654762913 267574742447526
775904367719004 792838545928487
897242549590993 904834341063801
896052647103729 532834846917784
31533556162056 671926649352343
863465343301980 537056045040545
50954615447968 81982864428190
33529411412973 706763282474737
452951613325109 576764559159259
896214549155738 510233231921164
530486821123662 692775897503630
556250804979578 379882481282854
617924042370287 535832304298565
769475399892734 377368848040191
627470090683393 716294230251803
240614975581428 918646431377597
536321210076673 362861252991802
20358906074159 703681545115604
748067461101356 816787736614614
20 458344125677101
447538540380796 182965928800502
448191679327433 480227723158169
852174183808990 593655360359039
929502568647973 253201190333143
401643531618759 901962566633804
252805463281953 821731199559504
468252329252448 197272640942421
972871318077874 606959137582739
914398039942323 760370973579186
280221869908684 710509907313075
481276436180511 840784077891444
35394357098729 878958871928019
252782296441291 934243653649398
452987220237450 63638042085416
562763771946346 166165894864726
15813391656706 900916807512720
823348377521504 360494135785614
442327053263333 824581899798351
163508851415581 388960704007127
744595109845589 689048285948314
20 369831697370635
588699279040914 346239746293050
652366602219704 686773089639405
797727383155310 565064319647735
576101871139129 854550260821108
391081158425650 115524621284826
17974742877575 965516413234565
990441225089572 788637773904269
215827302322396 385109915014895
294897931137847 326363010688703
884201728053721 791199975655048
13661274221767 270188231627682
502377739154300 660839781710762
296673250987429 933351465377548
901395797944678 202376805017924
823737725468753 571600410891964
665905081122410 380692232357177
753647750793347 16433601866213
836551190728237 383438410084563
864536363583750 875672367538371
902325997401624 630468854521661
20 465449711071055
751634225669843 671327727734830
532789754601394 522337906052518
948099383894490 402286771537629
292455748163064 439608035669839
781426491298960 483701257727886
566882323061226 805939440080183
389925266011670 388001386688050
994316898565059 577713438360588
747272295198952 699623240326176
109885179508708 878511870909443
452627915308329 575991701701055
801654439536737 469693650684279
865079988771055 367986032581186
111199033577173 24001566197153
610425757248464 799007430611811
349793939570364 543319339751215
169712132245697 925423103933647
341646860965158 52925193510752
329540212658822 668771017552859
746156036786246 911690692937945
20 180451052370305
618679164597223 943927928635766
708675582944628 798362025531347
887012568001186 168264623122189
674320050334494 721467655508734
944151965722223 812511164727496
946359270299116 552690224904658
205766420569273 354783546033533
698564429440965 449924538059686
964141224282716 139565713456323
733729389429965 577112357532901
607891212686239 261872562223006
807193646337486 190152106690779
158839423065942 3753086258187
945381154929722 550585910077474
897695464092060 934495485030943
153561910060559 624182692065051
623338418403501 567282210204702
186762156601213 953304451028992
358221165875704 661510206551368
570958109472707 62314262167145
20 987270242666055
427228599028167 489980893267872
971474677606418 212851476269354
185140704807587 548363909372458
74538636479674 240479007234733
187959567625966 966091152262097
266750326853535 767036148028820
302915834284593 6473018676495
533987170122275 752377637366080
61019099968269 514379400632015
986499589567001 6630302120350
664352965988301 289161959873679
294953700893822 971860077790834
424424695504527 998883064629111
132781446966664 951592421423444
179564876008811 784680739085430
984005846569473 666811211363547
654236008240067 527186081700539
783907775711616 968600812774916
451419084269711 301584012972632
807496115580548 733779983931509
20 339499017310866
905835952751835 552608466078873
385829579791023 503242478360294
194914559013021 678659623521150
962936977094119 591740352393082
449543366384271 762884207773113
694467043395546 184180431833267
234261880759052 68101949632085
337451664067673 420032565795976
308730952319920 143366548239775
128090278584381 48497794216333
260451164173754 370886902292423
860370933411322 868676280626068
228784929530994 916324455616022
649295766820254 459722017526832
398766645344736 212746926705012
310642317162261 317433894403214
892679537474974 30871271913846
352821046581707 151820709700536
856213404925606 347119611762496
10020389191239 756629457678078
20 14851451130076
728279052429350 33274256229575
867168234787066 161148957190504
832390673407633 862884263884590
348193821102110 339011319852227
303534036311376 363715126567588
81802926395934 771624982504822
204808455041808 933718709810756
64482877536183 694021373253924
890723088567671 631375197118971
133970696633002 2989403948678
415734867153024 978964520503898
693490239554117 657758627799225
215866891489072 910237499661248
123371048869401 679120521402881
60599121022841 496101488817574
37192996671726 289930731396302
325835010655419 448666005173325
817176762628872 890041934422091
669698147635247 507547577590770
781041632116100 682805788086666
20 797600884083793
817358823500476 906309647800736
697576207197815 743049120625146
655211183096812 56318898433841
581511635557530 444719020242982
549664854049113 655038439369641
837828005920676 520437490607177
106688487099892 218588774245666
609659092142072 166360487964838
757093394230260 369527476396353
27785044840104 464908270612242
403955313327721 155446097305660
862873943591574 542362355091908
586868788364945 760320434360188
154798531002467 422280620488150
697276959100457 440759922831395
742334209012713 918742867157367
906251485569024 619004326630708
208278994296208 137419059748922
435570842417132 722951400872526
480627704479311 259514093981775
20 406207751650076
672449174936161 471177366726678
823347101158456 10597986309386
831815195306784 479446092767023
522998251067769 306603480942673
665574721458160 426642453359984
555645964680246 899734885261540
819801453723604 214692475040183
328267631733372 853091063723264
337865263308476 297637003577675
237686881921979 822422331143793
237067767449168 487485759551852
116045391215051 847378967818795
109618503816392 84738890268219
138795943913470 719793827088840
285447967181944 909706103404509
848139636423900 403175454643202
651327878237462 276188259101555
608752917339849 665363683047263
440679209032943 800121748139525
90279922961618 10598157008892
20 161627023215889
822924068991819 765868015020931
566138988897340 732931408203822
701943156795930 255753764255740
957891842492117 378478858028977
511671185706209 663286749803766
985070119376817 33908645762871
295621412092436 247438252413910
744234713691586 298133598226917
839497044451367 662500724805968
437508068906604 716455261290344
732119682746679 921107704993802
63787003572142 242967879417338
133922124508301 876115726645190
158525006617038 112834646646669
97151651830332 374049371630056
917430493689535 378088785427288
894873398584703 838142710608228
175221745652786 846261113185691
725388651023695 366901951990750
900660499112537 275669784064963
20 464557699326357
475621730367673 449876308187187
392018475452135 65603478715890
754599067522873 25447815600028
497101399679954 155179243066146
262771357276822 104886960766616
814860186238753 540593172932363
573286027174608 414422447123233
528305288743903 460781603491147
751978933356808 18674558525862
466605578071620 466299507090407
387259059934720 993276544189889
790594343086376 1805130976559
893707275073392 159999636760642
247817923621146 338692819101217
947498291385954 263777886747758
298390089444762 478527620956115
855573336950468 38695247342488
915836157634644 532011121676271
30888907488729 680510562576824
631072792520636 124241859949208
20 21310861919060
263497415975908 482743016672519
377801354682694 671471490489320
138223359530439 695586760838465
114697420091727 528982232805235
770628669187305 321199890951754
970356936749016 735031772851138
291824523242940 206525270791052
993939053356426 861371649238835
757789185828689 419942998329984
443665074367273 379901499593051
30158349099255 247244673205039
485965448678880 277981714047478
774975988200287 139465634027305
703633281431498 836461036843536
546884823073181 512544369668710
509094101166108 614442967845635
714362093121247 697269702718594
123760357881283 656931153166806
496549056783972 794307232816763
619475127021553 611453890861601
20 822940319830970
849675516556804 226165973963257
722257321645466 229977345785323
735670580902361 537728614008254
167023946592273 402343102918118
991200594601062 130480248602241
402776656394814 165477513136874
865551098191120 917300261626687
550518588770771 171337379864708
680235565442724 30802980257453
3624268036483 766095058686726
21383583928217 465544118050122
287458943958910 839385705215426
913239545249936 614034013374635
706921679283820 866810114873441
286561754027213 666400209780451
429240433613475 468365152292495
32355178854222 946229691617616
960491104282739 73782524689834
348288740040390 108642263358555
589794601358691 835856771223547
20 36401652530474
603510453626057 679580349862795
131798267744359 854013989241937
385913483358343 704626095075054
677323045148344 274393503111666
117083636615288 483643499236638
93715495699757 367658787821641
265116658380434 592914794490662
395942974473076 410645751560148
241252736067464 289190451026127
618864098224939 384681350169854
535166138280020 698713174140151
34954864067703 366830638761476
366344702318045 300638065648534
231439996080872 982959592390601
196227566599851 735522818847216
899315313483334 486642313180269
564162449475231 250826601411760
425798871981542 840081976040756
12905064055125 938297924382391
572883565555598 463661621740481
20 816921544323015
46446286022190 159855276083961
928082360716830 949420439544236
644421792803558 293981471865000
21142955560421 730400554428010
763070646982061 661611906717305
865725049159098 266678986039653
424563480596416 561733412241551
203886626421230 781292064918518
59359477710014 175980431680317
364045572468805 559168218479325
822490528151908 103001061584248
671611315245156 251106251532066
542963545921072 311766261883259
138991103487384 784148865238739
48723115632647 44610289459856
158681150688453 291632286157590
856806489665022 771278364042089
882179231468633 985221848264790
378028344818142 312847605641006
979358547669197 509684092567091
20 394812618654760
922355370715927 630851407065079
236336862466048 828346194299266
208420285572377 824107860798338
252632372929627 633039087692925
234111802408465 783235169360001
278236896695458 240159684603560
495804530693184 903741125371101
983935500803839 450046708479721
845623338719654 755894899473165
89484735364435 679833488566375
290444480974244 335723069670353
75058717722512 168959619867147
343099466806170 741588518089491
848302416195055 969059099276075
321279865864788 109087538411058
227285145684914 384504594679129
940320491872628 648066103002209
981734023676793 298227126801795
601145759671894 618218975715372
173998504304440 828342841882282
20 844599869237785
467878461231545 716533748161099
301943267789279 958757434227322
656667418589896 275065883058796
945183760783869 963620778142103
958568144660453 219968083466918
324364068748282 462319039566595
367649700054854 396609273149249
854239031118499 886709131083894
114704463484848 693021306173081
509826587051486 478119260298598
592513947160708 979945297700798
53433770060747 833629554048288
218114119585642 419099356160284
707176694706657 152679160401028
458851181880501 677112099603807
2949978956065 335384182839379
6682018195854 6077649545564
416062342374488 763075867361128
518969564935583 868355286367166
253539402968408 793040174134041
20 164865866689802
966869420421621 699665996961918
94497859098553 555452770457467
325976918861893 957066860723222
767996305094481 348321298451440
211414757387452 507140854506808
394820171826437 209734619098628
232675348779208 49292542761916
149857140101858 389263827152882
994466748108968 470039280222527
152095949970595 40353330235280
215980485869438 69056052119702
573019395840009 566454316901625
583785962436789 815001405680244
984068054619698 467154552488876
77393770039121 954848979153135
171306943814171 322050112719292
632393966543829 979537125456847
567888944519523 248653677725577
42980873879432 436992772725201
459383191294979 159421533114078
20 164819790408948
181962406101323 525632837401763
462638587962211 206226615167464
134850090085095 865381118937088
731886494529127 728424346399418
787374412805361 526283102545411
177013622384913 917609205362469
752953372985261 27285473323606
910659886885811 325209342414991
8322876261201 201469688263366
412112255823207 397523880063949
917485247907095 483342476034675
944218460897724 638956040991808
452255153798885 944620542442714
238292189510205 41291018381367
232816335688265 975650272361261
250340970000465 158186109659182
879317669333082 501987045538609
64178062295903 754726233220915
966389068263907 148583697032815
81986218123958 784465320811408
20 581763536496394
734566944304800 944520323828187
203437184096097 731101522111597
782175906911444 354595566573771
344490784780990 393747898612523
344969066308752 235332277906544
127093412928927 7296791239221
560793108782847 588123107131994
70208886583609 651795872891865
657587178743697 771066912240915
443276854692806 959948184029769
525146856711826 31276848653453
582742143103451 995750705562862
17101636234077 468007522746514
235415865974411 9679724464809
949925373373720 995959698773934
864139035945992 55365236830944
30909126964550 583963511845807
776711074864158 396693027887585
690489309598242 122797746105823
138861183124826 777080082997248
20 634971262527572
503651939977926 11095266976427
151991468592140 346120380533851
484506540429694 158338605981767
31137539328723 522559895789743
761032115659409 690352103947254
665190028897542 495689948702491
254114312204675 349623521962169
787370516067427 74640915834684
542965805135382 733107917651747
468558337506427 89201644150751
667175129103862 63213407470675
452557548174376 949924526749161
413040976139316 788628032726041
139765971949958 320125295241687
244304529512535 229027000442422
237798962505683 11342532344027
119672593390893 576534453692229
18278164375188 817048186287758
739607265508200 295450072905
350675565563424 238292055642650
20 272997543656290
332080952585294 643525143339045
424145060385922 982287643250418
782991842800919 715890224837033
843400827503408 388993371132618
789017169188803 41918941435586
252181005553630 700592237818849
429503406804522 817326716655088
611450246730660 622501581194191
471162225615244 582388018103411
436008140386299 450791626815579
375959113267434 246417262489354
381908373697894 494818399826655
491610226217050 129606407738580
234724280959714 616458723204796
64341226603266 66179700407289
749975340381564 851861343246674
364638695557571 38797526870802
326743440184277 295825886284615
789312667785788 998469348924521
551341784444056 889417311366779
20 536220275307521
563975369164268 284261088739141
899625378539312 804373845723439
217022652071423 487344081513857
955812873081044 284695233749800
500566398608245 997366192150663
570969224467244 920947101870784
213484764006244 318010337940972
710595185435923 909429002005039
49505849294922 373774763145748
349252310348472 343049626836036
120649454738869 462551737466745
806001763782360 284611088598734
423820015127888 616223652271012
4269026395000 774311649492266
251082751152379 164235794016116
177684173654443 562299144644041
731006662063919 775064756942445
936338201497835 836350644464594
874450708832240 293396383052477
207891253995803 912158362317515
20 541826765865677
101107533348226 481314070903370
791115463720086 434758375696904
504611539603163 301816239458145
740388239602577 361469980412660
128396678991243 93150024906810
51076589873002 503340829509650
310629578951234 165319903539206
744565841362475 177693068365208
4645023883490 313284817326698
317018474240482 54913932424924
507076108961176 334331984218740
502862726259281 766918382620210
442707238323720 930936142522680
504583531351515 775612292401191
333903417184136 917358970062375
894186541015743 389087017911084
154396232687580 876778276552595
470920390545105 661359842883158
942774003824707 995194385816926
899556586772711 845328824314499
20 571738775450508
730432590445865 207956189701267
88990482149529 193730808847337
122208395226981 131401942638702
561695313870416 966047186879671
145519310736787 338658349391977
675090469980149 623545611832241
668513169400586 627219651985978
969959411986182 564999992857916
60862331725895 243830412166664
341098839067742 445932242917469
992806345920852 937253047359781
197575482982412 529782520956009
658719092116097 454954895197548
156921730395369 501790124822422
232923946224743 504119943165571
271811682416363 894598837552040
355108964831403 498385321155075
753158359881788 320050617062851
919286203879166 326833705094762
880683228876435 922644884802613
20 582969449435791
11221726610243 544688648344220
961246395425960 50562353585478
351972559232069 577547895269346
139728574263402 424810563878471
605341269355992 358377959674763
958030229972620 210859362982966
617820643088081 392520132857539
405845160972829 441812740038493
713666975792580 925141768845290
452107951955437 185076592405277
592354286078214 716406384427670
542008741424578 603516243155070
303370070830816 464403688467029
207705352104961 251367491181916
314928008109617 705330359467828
284229397455176 9160811149183
962250921114672 243991902580561
966574589937624 184513762410058
494012616147353 847898521654545
391224802302429 388510974218604
20 811864112085306
191293520675541 403162385784236
429088644665926 354511935625650
243925200139092 67916947528049
955009910525941 388971203999606
567971102104059 876808140693892
600716180485393 995923451984305
125615350464530 254226600308714
847931527503450 515182044540323
500676983558337 216781988593485
621903895915310 709757770609289
87958139291839 641965934345159
334821691388636 407993078993783
619861514350329 816016127324700
247564471621947 308939128158422
728103531598811 316623548933779
205298268008962 157939879956845
449311256824502 685223420833963
455188410403423 943347454168158
119528475283083 654676654465547
560274905093120 101034814946562
20 696018790873487
952844799445416 908900584907413
968852737439306 213734212542625
604677960299953 347737074490969
899694984499326 206606879396104
837527432152315 558300163555032
405991087970382 740380116967308
978291445777700 343726531114894
963091229730886 169246527675023
264479340510102 935280306282403
365875477177631 640640647950826
971963408841455 137625165924135
784182403346470 946523687138662
4277611535484 388874947550820
683877079080247 341963454148991
886831564126168 726397733264589
624319695874661 740397812007565
681290982194959 391000114840272
195891753509292 306373847440673
875599835717156 310585078692204
311281749839441 348462775127556
20 717495461378171
618630539078631 702049274451998
251705658179216 863840642818007
718594017106167 270848080420039
59814081280559 285674001932238
778592671748738 259933925893001
632221301555553 668604730273870
785945975974730 225586767937223
691931119741159 521836729242474
633641270473831 806042570672479
16741223982125 73814027761703
638732224895358 587684445885972
953770438930301 233563379229269
416275384621235 886717267287315
98284613012576 583493651840834
628381064840594 505639489737568
481345462314113 209710275519325
186035820574175 860895443833756
283827898525581 45717851498316
88689860865243 801969851020
586355426229486 244983118765057
20 954172665078379
185743430325362 378354927194013
512966744054915 895503442526515
557919387340959 186923086613415
110718328840493 172486495535279
884930011412111 193518126262034
960917263451091 990900469284142
806279956203891 719868268338724
304973942997701 470970720972471
961067855433754 801284723679657
493434190927050 755994146249318
670426388254435 65003465810604
659522695996904 698153848124751
25593521414758 999893384235464
333627539801395 615400666509242
354557710429663 965389043205744
147729588159023 835542307574814
532899736779035 524475873836203
711363941582952 52623647521933
428339980985080 260137170290437
761827592398993 521496016582413
20 466093596156945
814062913070255 169222409152258
843901641972912 976354460303168
427542714522445 805825889846100
938888964979648 953782589851192
442719762425973 375714974069304
952553667433282 728281195479116
110303923262331 54122861051588
409178671820061 264681190239471
620475197854463 390499938545276
504541288270592 623024251397115
52735402034811 592224317456594
844351529664884 145855911149214
159117067553252 740512339554609
281933234992857 287127261848135
677823166399755 378896568815143
130629098552294 334657282912216
378265759719737 466594816011164
843290492408743 664861886996215
148405597422417 843299581196913
119790108819789 846536250135348
20 396299581336243
192622635149738 376591517869098
893881808300800 204444151725268
339970971860627 624551843487523
27258718045977 949475550221600
319796946202428 993861773946916
443873555892542 517934972065837
501341096524809 569382398768232
760166829872629 520339977241189
975271015293410 70148329424322
667596920768963 271079701037257
96690958725959 158271772839197
743906309675531 997297536851242
561964823647942 425790587530152
879550821166453 274226720594672
842696591978158 94944808068487
660996448827695 540479621271057
896067884940210 566411006578492
554745895372271 687926381348739
395158064890458 528263600519405
256584122376642 248430794526830
20 66765239054450
657887238218529 395654471400635
104240816436757 610192093487951
115244440626501 330806716712011
699569585569546 796604126920704
677364012507933 62565318301897
305409405982234 981686499891354
223018574480197 669935767392750
814959904243451 260063545701733
196862138167427 853125483975050
137948415228458 592752712736941
335093391478823 445344070887293
37152354453515 499874030289057
234428083614763 261618060050058
179015710342380 355130453014264
692730156849679 594817044608357
561048135527077 615658550695665
290776568982913 714675335084871
738456344209513 821247697309701
32711324820523 258283775263548
174603567928196 364843533299965
20 574581790252145
965437964295078 436000383368882
836185293086242 960886166090937
806944553472963 868239590547734
783827794508546 8417628326566
959269930300631 493124130618465
972676475240915 206525593043899
535129289591276 152209196936252
956544654699776 329636988232963
398478011730239 864991078631779
800827778376482 269573957068841
673672913140594 985261417789903
562031369068911 317990407173655
450678211693614 685874072149934
128035008876927 977588665537090
82912594598748 382231215435515
835555667067197 968750661455880
712191672155119 642462354122497
48322620159329 997831310812142
121903969889520 29251226983649
657902925797329 728245210298853
20 11446969900282
252639241807820 469767086699671
287606592651578 705748049087072
473059410880202 810402563631299
842749189229774 569175556260213
433535496393806 545946568211064
836871324334597 39931572735564
551124552813582 839237099899982
344800833215273 696481791952782
798312347253262 129390126755724
833043498325788 971829777095864
91137321229938 293440854015322
427113913481649 273538856938768
531071202383813 546868008347663
179889438457748 180192471336635
657235286108838 45970813567783
5729393583397 660779234384238
971907110533048 396069623342626
847531396516173 11194094246755
983862569297368 813385764929783
188994446889915 111887895448673
20 761686291785462
175554418415341 8700673196877
598701088061454 574380741802334
597553913421774 653722239860640
401032422723952 330485648874777
978355132608147 376832376660228
172895821202180 950116913929358
890000417870756 914066632830509
990216404167654 707804309668525
229593851494081 674006358161698
400675033030722 86226479931407
702679182409159 457876061886504
547529134569222 967645120627769
384141859063437 366174532444416
190010592441225 116021537809912
649373019926608 909409828922790
186882369494027 881196789710785
941423838720943 827049463032500
305489701051349 338887605022761
925005580364609 702428191293615
720622622634780 464381923355376
20 997568033162753
92245294909379 242826218495181
354548995181746 30625544912577
485967841191026 917933267705792
485489298219632 679934029880061
576732821179574 190733806560703
610825986385109 533760122919787
447161915737756 832605366827397
501842848504 216061781861843
641571612433587 602237118861436
384001695454706 559177254032406
942823996558238 955524714649125
357131320914071 683015615565477
113432009232883 725842981093536
575262649925140 41300359162782
575784678706837 348390051513307
575541421727450 818936525431229
914216719320236 463811944277758
596802715966231 877251765097517
309840418203328 737058154290631
505127891924517 663548604375847
20 867372961442024
610810140447246 229187618916290
723343752272459 106335256417172
161176341184701 372308636114811
236525753340296 265665542205225
750224274063094 449316314711173
205938180869919 775263425615368
269575682659905 108795658750812
244950547201936 314160560743129
246693810295902 827093937808116
71757270184356 601672196060048
854852135609157 807131862585855
136662684886485 429855542552097
652869422035828 471961267571092
503774762712177 550038791185450
680169746748403 384791235300524
375516756944131 62486800191510
840601706532450 347771184894049
643217777837688 233257292812327
788918874414036 367818559062438
576998536056976 382277595731410
20 827040645845315
134572309098421 345031143226095
82611192815341 772713089241064
875636137547445 972331828018604
69304095019531 212262173732030
402149375791983 642013383596935
483990692566702 862292748168932
598639019830551 815053650225779
889640454524358 590411778306372
911893797983990 885859929364762
893994390619982 74744641254773
570635748515983 465926997028586
867988434824465 662003419679242
701400533240227 488788347794103
143781810535095 614315017267855
156989012421560 555402775961055
630065509192870 649455918701053
108449807716341 574752636731278
970288787462209 345717334564470
958399560092671 826171028732089
190035910271173 930953179452134
20 620333932801972
225138219793506 671305620346857
147095569391838 852238766800023
145476495469914 441661475474531
896952009321551 677103344748354
735946223042317 202814488672316
421344675740948 828962758684595
37030848249763 465854265915525
114762618810379 161772818905011
119361212549010 226367849859048
375430386262229 220631106507241
128610519107916 466054302888777
187396953640860 233002373854754
194217133779710 327088403425612
791118334869687 692539181036256
295719756877308 76812490756401
460450600808244 796653303532801
143805083043384 731272551778762
756019290991599 388254910919151
707236872793899 741389200316819
304594592008142 510325274178292
20 605808158830496
786746594052825 985230857648687
79258421410855 446910818546664
34105931987070 523911378778693
779245207087970 996196890469432
864270294160122 225616318465626
632791339482463 267398888692057
279621440814492 219391326372984
583831420733240 417962355912069
616450671149376 57165058502913
11565239464270 308115729624948
651338664994873 501901543237720
54276087529120 492292797095387
637901302386696 545663787969047
123854617450091 518562535467994
22652074402939 486465866209465
687378247113169 360808609850012
35942936195761 678989983821200
431938124358141 589950259109178
683216738256526 249622896802720
544377984560830 272997201221998
20 68065016068695
973209668776158 676441196785088
33961334431377 800381913431637
313469928296291 398831543487515
16758251517942 497494717237113
613434352699222 159454248708498
725847184857409 27848802388350
19919083632172 884467286840444
554440811537194 66580767673002
240328350235217 29367625913726
75313799709517 481495946164837
953053103547489 761257745243162
842507559372821 233057057366144
278818140720367 326233468067907
381307549535159 299507912888573
4234485531070 668986387415592
408181101543863 502921316352151
697951830608533 672777723235942
426470507190849 875685221825980
290372549604467 400105112277552
855893586585252 84967073673495
20 621271882530781
366713178873615 255791192441048
19388398766671 753106766631173
514286582059737 519916296944989
804040264493042 282653091031704
439655009623208 792863453176058
128382359509309 823996313298641
989292166629414 142559283778417
385017087757183 514638396296544
680723371625304 502806394600583
784404460575773 141527131286852
323420579320517 191889439994284
599815554338691 573639373968078
398129319217189 634385042692763
511850406548296 495668500667450
782160587530281 27508725613993
988306290749850 923429969128838
604794014324863 429869780999019
156944659916186 173933108012911
566683321803249 979890754928762
266664326013684 856923289273141
20 350505973664769
381931109965694 724549961604395
71145493861559 983540693455424
311063848421440 792139754542873
615652842603396 498733447627676
798851795339307 716953349442157
593131228004138 710034166319230
318529309622900 289868851128319
955534627169318 963673814663268
211532907152194 826946946621931
69499098826333 640936708438291
867592128145348 165414997560646
622212325415727 944160325790166
385614227353539 840716589859723
863501938005044 823317852824706
888738252782764 298225326112048
28154188347124 303569287722064
267622034112400 903478102965027
489056736029268 739658663384176
706777723931415 940515121676379
281946774393796 240252768784873
20 544725720053998
97769049506062 175604363050726
535495869757118 822497224080228
288623559651968 259293618918978
335281370689736 608824102600824
402514058256907 840628213218293
354194225884996 168236844564696
680241007605504 650758073735119
160258987651743 416064138479484
517936775097389 455108440889017
663643170888356 4546573899303
613894254218820 57702091299829
655865628789568 161454898234376
251543981329906 762843106338701
545895722246116 325730263201461
962560102203148 265832395999251
705317125557817 121044464833436
835987788828231 362690105759330
647565450070728 832548911047365
745441261219793 48578733693606
190831150344449 854860503945486
20 879541930245758
719601932273117 602185673633091
536173746192639 638243054234427
703690067115422 991931659295659
428480664337334 623215868988053
876640240390284 734629755988876
796210183948472 406927951704931
545985526749711 153149701915666
468963895925928 805094887064498
443503299058242 395481834563
994025833367720 449943067727711
540472687070204 592961181901641
208346926474489 378640613383451
144560464451294 861968752912671
681809996743748 479767330338178
226818207062410 410869323478469
631581628393348 616585762145732
258712778115209 261311054389153
103506830481112 259584913029844
619804627362197 444676477796
305146648123405 630838730345182
20 222105741951799
10211481770450 55674269824958
246516285310157 362245514528992
51863346659714 849696848367539
443633381416740 643975736017817
575070984045328 571980207571831
271138955163904 929677642638567
982506302165602 700063624571587
620862885083236 966812883015364
352319538821415 322825079299871
199494614304618 526372845880246
935102766360701 75742963376321
622217642006346 325948658280062
815567762269035 539668078090602
220433581197991 300190685692226
599529540202290 7407567363874
118034441847082 798917877558970
6459817186397 510763641421643
1253931316293 874199654236810
874216742271156 100642246927585
562337091174805 968363238531881
20 143893255157532
412112651873038 131553607209354
765111586699771 30896553264380
534030781202299 137191873262289
489673468541770 849475601222480
536458678373647 159812013677203
426535593351789 588095898431504
264575790836625 935870847372415
573086363600358 350212129799284
495641089089931 726519300698403
876568111796703 113848848545720
760517690157209 179481736746495
838402966432671 309054396968229
69922037387362 819584505602622
845161703036235 785287698259650
669360634461120 643033579576894
682420353432589 204671580293077
942192072543889 579709967187662
618841965241102 386217300541717
137115671409500 780714902161311
396201498747249 340579015107147
20 358367615824646
791574852859998 308173731257550
437610984062084 169593983434115
285182869866044 894079354058746
603407323432395 201495745324932
894925970109753 68276336659768
45123818816981 9863240713499
970844741113197 523354393317484
124168130555575 850260354730129
287952693497143 764595233912325
944498009548079 700850990307532
64353798848220 814752148963068
317825292788769 293194131502988
365278696952238 527656659966770
123993123400169 105709967149601
549160349738572 792506065117977
816767852469815 126137524163675
73397716510570 153605492877306
912615492242629 437949690516253
144299035588438 872380710068408
922413134227911 693936128769021
20 616751451356279
509403376844790 658058777745587
728604742136004 181935115570858
757766874540278 775883936430650
386630886613257 482966377518709
53794317153939 461093856808660
644820802998762 292106639273298
430440164690790 43065805384127
225233266673974 980313222064061
210701370680645 61532176356189
964886364962810 222851733397575
290817855545642 83793165279559
577536871864695 824942722668653
37099661735634 428307275807707
318477219741869 858990888959098
981193842710762 691489230267963
633847631486482 585372124925585
810078601064106 728188914267556
653371870488655 42322593206657
674494095614550 313165506166538
379750020909839 718630568513280
20 218891739736073
721144275626082 949991522076900
767464565499457 139209509322436
342095700002217 390631556340226
42661673679159 327781685577031
958631283364097 991344175058268
319635807779487 29032269080867
537011015040317 169832791449570
170276744571956 328560629441743
235124518414848 304196862038343
683452868709151 235397773071781
73804654836735 505030056131593
409527975522056 886643045380669
450026246728295 181301282819259
20626142051136 724488597135450
83314541667456 243059897780047
223212511816461 22608819148586
124895847482177 510454379921071
309624028768671 218253666419533
718562357615617 443848050961065
743113842392836 587862469779703
20 939773575624742
395802755030481 996222723815988
352525208296334 982935368828974
242447463724949 244150643409610
96074205870739 161077292404134
224247679097293 6679537984771
387010131570388 955304537392488
16845461947141 928925454639385
868199831290806 38065849481004
289040223734803 280811787372399
329883508460091 181042042841195
145413572256510 261826212419724
646502271424159 740571399849492
479085820870922 609882894132956
926820638863812 153260319238621
920945499041766 258769305216987
85981081598759 490459620805312
671747201631839 273672128694948
124548524450783 649730120546376
481543456584727 52053047266990
348316664357988 4300444973045
20 46389197822666
306379007919773 944552946960515
904767664843317 403907138556107
193241334815001 130239900502756
393425453705978 444917105915906
743023091726569 633424966710184
296923156755347 217484239505853
592469673523249 191902892880363
75951964942290 661429994089671
203857020041466 932905224134227
773856417024356 317462156007242
828652561901269 144990551081636
765392023157377 370883642156711
922699118852502 806940499305978
364684379550509 714727228321923
699704458021481 611648208571965
63870324476611 30815552442837
344396002594287 751423934511430
701121122049020 387081204673025
634883348099364 751390809079102
716941832172406 751274797876437
20 14393022791803
678583492150542 362928962853981
514156344254353 330841212832170
160134572853173 269464293124891
901803896421290 190038086113648
500903404437741 545996565506232
36577662722662 656824881940491
454691676811557 19462638882989
404000391747002 510475593177527
925913164048981 724663435433119
716416972567454 711744924060500
247981211832073 892602200479652
490396563651662 705318007273702
416369278832575 124914576528857
108616936128448 984839955461119
214083374773449 747008032144121
927605158672209 520670052687487
794071225861760 24965725259805
206368693038314 834027012705321
144810092129528 884956550055330
562366790757666 640466718350783
20 360644317091060
405133268685268 760413711830377
182058626060068 575102780659961
15715070998242 886501867525529
450887033611244 319312527703340
297424125318931 975218117786799
594560018675494 284774860612545
262752121375998 10157916430752
571834795915114 536410367408689
342238547981596 704446385275566
694557245569524 691977535429550
542110019195116 27653240336564
107107302448772 184466497477540
938578437357458 318930573957072
928800553568643 31910935368222
758415672080958 352373286597772
65599265491525 797434394283707
799284847207196 38576678994267
137992830719096 488358393793118
494915958252003 134660078485865
70718935638548 696037619196205
20 545428617248885
487737914548792 516432397455689
144147793828792 324570035791271
22982718099883 920268896892919
329814118545311 12580077909279
214964834525977 856627611442600
869104162305868 472606028332359
586139396627933 196942908466038
495214992701102 668430406736234
611009821238608 476062162696948
994881083996724 342462047793260
570317953975733 829194290051880
255292189829648 767782432046668
196518252697738 689675814938150
10439885073534 91480105899601
759892540536983 968883783038438
794855138396220 201540750445852
485419419480525 51865053319736
272833257980070 966180425531154
687624151064538 786655326718900
573409834689611 684463064259149
20 13863524298378
842356984444498 969941476874476
925422869762278 381986400796570
569117923609698 208396330577077
362449219385645 842250637760239
633622485331311 34788509693701
942314294987819 453478824649519
870657105954930 174713310052487
608337979064411 254497741237779
838373408760416 925920332910738
474337602827232 939386487446622
23960380581680 752231798160846
11230396576556 473853606324261
424854706589741 563533854500976
849823013556286 676126453579119
274113990336953 73764338334098
190646685747446 562262467251068
639513657072750 987079408129765
899985660045714 232680701484956
649662258889597 881188542849058
9807061824388 640864771179024
20 623119034268596
150467924443749 296236870430898
671853715159158 177631785904451
775438536157304 750782164142389
149232713757691 57661852109580
990226609592781 758773571988573
383635546245129 901399376620768
677828032406334 306936493534873
786461804807840 128569160183463
162497057792767 919424397117574
855048025869219 783066277489278
639306540441570 329766420287742
914714271584973 558062075371309
946021805915927 165784126062854
762772395711244 925313055977415
691351313835752 188427851191970
960747654487126 976955437067715
657400254063556 773974574169024
951537713577435 849889646705352
7571751979304 766529253978138
450861294027246 840589419714615
20 353623227949475
237036492534442 100824021861469
60941811350213 617726065998451
985161798052145 187882721721148
902764455786205 223362003286434
95781930780655 708078469529504
219173505264464 812507825623313
337598582881022 309029169175393
759973859546563 859516884684531
303130541603095 752866753505045
412586286648066 817746907939310
342595190346708 252156607633424
237794128969369 103564684210582
426086213104435 664807598412550
566327678717150 554242016563558
461650496920782 964547238468280
490202426392037 151224554573755
799313525471667 815168235139989
250872843589973 374957951217281
143482158579999 674780695997431
196307473664279 971386331473871
20 106978445616273
358946093510065 526268968240551
476278770553105 346374207215434
372516756329209 604797454799816
678935117494103 925610696471375
791492779599635 502390268342503
832225477435588 916756614846019
506645501019445 937117832518895
573241511118258 606553649302853
881094693266289 403519202388016
747676272479495 114824520497192
991500771853854 458160983582662
206071874197178 366905729233624
930884540906326 420341843492072
536706544268476 879502738791361
157846343917553 925994583152734
613910071641126 172806431095516
889455469575792 485977723611954
258423891614816 595290805675072
219360170072098 248610524692923
596218622644130 912538272341696
20 694936449104680
520354078806 782641155120851
943158212381466 888080615314479
981312389297329 408579114629094
265628120774766 510830134574030
73652022971660 726119738320550
660251620365272 757269737236392
880297152093456 584399739136842
196561823486434 772703419878487
725673654281784 331813329324050
346133276102963 109458405159915
43650369947360 520747385292921
90881797696594 343563768305208
164109294747812 476764447163030
662924537439016 186070053713158
658062920327522 525327935845806
346511554290529 121476113408981
558674337839568 502553099222893
588394160370916 76833217545312
355729060972440 456049718257916
579547526625999 288257747724807
20 38005068510944
571348304563344 581289517329860
123536706966427 651027630782868
214590337337062 759948326197331
889278416757730 18495754116778
819026076764147 302782620882350
725603769177019 359197883245607
190584463709515 903080027807678
379434055076379 817209775017494
776344836653168 521420217642171
898933181337669 390851120530237
270503931303223 927970601064674
467692495565337 641866354680091
306333631873041 63033469589791
72082816362717 584764312591489
469477659552275 930583207629962
141915300974877 937680652884284
844693939348371 734738813438134
225133943736468 105302503991086
239705940902511 670248500463588
761503345422332 309944177428910
20 935090842509909
594053668268828 427686954168911
863596927603180 752029840408838
517393486258685 197816576735814
677025054755713 965424341934165
341687137132568 308650169816280
741450130446755 331198499449631
721468760731080 113862844697272
788606657045675 984109186193306
358363567349959 250749504575416
869539243093290 450942763237258
647587759409556 468014065437550
641478743385983 453569763243957
369861644886821 830751413991945
609209780524954 37524364376080
564665299235009 438684534580168
205670572309870 196164755766655
964772034187461 437350630089309
442204786839209 920731032394297
168541215189318 900361353274164
581448776302874 881327651996885
20 722952644180680
518201222877907 390142258138794
213113460798160 53556515962509
414416595244159 652070714651395
980315456685666 580310465222274
9406710459190 604023653770395
953486950065356 788850133935162
498200292770267 788179033675862
230188716588453 431161335268819
764904518574757 843567835821128
703368341060955 993080846589740
92365889563817 704404012036110
14717927543136 789026725576459
667738509869682 957453911518840
26113302416989 723666232376793
566760181852407 592537151545910
741164390393927 556336010285847
153288194775151 989735420418051
959202786905070 342223632488169
325472127014863 436505705336765
469727110482750 454430350045218
20 628674990996558
809315791121945 720710860539177
165747820084030 509595796900137
260044879796249 326440301667720
153097243498356 517853626505657
26039289995394 88963833689263
374960652638915 869401894071070
297827027275724 19352353193818
432757287682891 547920782413545
377861905911667 912464173155825
423047553044478 231277533963134
312451899688846 263522273356430
451567368495820 933510183661103
827796081583632 465146726854132
147587561738953 13856542528601
47303626504389 552926243653717
846559807302961 803620297640444
681627707006720 414424560002101
916958799922446 737290663890539
530943934122105 41402768802428
349807232500512 834829068774740
20 430603595132451
127794789821821 718410613881508
718261061253353 539645183802463
261859816138086 662442958207501
87632899072057 871483150475331
627285166913110 946923266605359
431993011824729 228597084716192
370055658080696 229745086580250
751436181560214 688553060307525
388743306964121 34864629017099
213002568454821 799896406756844
22610577828177 449565527868981
602119637336261 171740649771412
167115330533201 485447750431725
67313444897510 737805152647961
363955322764464 740761820872677
390982920196343 498394801548030
350911712843170 327699690021062
933504875169050 299606143229033
921394568638028 610119005601362
884731976715549 517078157677853
20 91262963056252
496846495132129 254496065323609
569549541173998 543901148671640
899583292788076 866130586557243
530780019635269 548627287094712
282392680315682 871238941119690
393112543144960 267813765169920
889998439162723 180938777447146
395212461382083 875630897439436
752900744999726 579056573175164
453268799823528 769745066040082
708159789588715 797337346102770
11259656835800 692914629126582
629003813997606 113721536378017
785118849286804 74794987575439
520134760043344 830388216211249
942565998440074 396924862794247
736699446205767 636377504058332
120669136934134 516188558282460
685709078370193 264388253305207
354495022421379 960435492821973
20 709431243267979
191097888660495 588596195194433
46395390467181 607256459905979
507279145390707 567685711592236
863105547200967 500276011158776
434383516859342 342857432565738
168343691432267 349797516872150
874403369946481 988338039730297
310993639192943 425774750775339
54628204192718 811829354535604
116483604593293 905739345000629
426318177843261 135584258401033
816757344314859 813767623812195
542512687068319 958814360792567
214564192197005 590893637114394
153036217192903 67043315690151
463653787783605 657734811460481
830481901742122 454784654579388
618928637681053 756243885943823
346565611747925 553608460079931
468479763717114 638259731636944
20 601057122976814
812732839827284 292743923181938
85000421329617 480357134913308
765502411133016 533757542042305
919792778781086 464164192294388
122054664375280 945709386963587
513879184815276 705014927779035
131714211856414 565321023553893
26173315843897 296412351590212
497111175634626 461565322626687
138888221590333 175234954984591
634652683453015 987211421289380
281605403582688 959047388665003
82378809690711 122654063023928
401195200428883 690003458788713
355207743356592 82317515892152
43960417715229 637768752587975
602365934391833 838810638939740
881066249761755 874922604806806
262032045647521 791894479310309
126780316242348 652811462969781
20 764921894506406
442603241707379 111448794215518
443167000461437 854498126470640
66238465737707 272983462922243
539083381776640 237286297789420
940582215706727 477007332902785
950092579010299 144488889974350
646882875083589 98542993492155
24763884173864 684038855656153
178660766520961 645704344876718
722836423372696 154411091178503
136916891035533 124969725272433
702348209757382 494130513587042
158579965166473 186986524205820
330018387907683 660872095579876
16811485422163 607669623761134
269757751187739 537605360733809
220695242524992 192446877051719
178725589330114 672466306869644
831240761038460 635320573654966
683565243492160 774636537707395
20 704212514487980
915217151158378 373356839489872
26650057554808 215044633009400
379642507218676 628335949228342
167861915724912 341505845382723
626378349857863 942539749787932
428122953417908 66606761139951
636455032416081 563624446097066
435073377502019 407013049167549
336210922005363 275728965764642
748139963086729 892022364369780
76036320527280 298189792877140
425891557801831 337446681221178
891127575515454 854992828271959
133076452953157 774513419066076
134571119989281 611933044955285
483370560487292 191039312376162
731661522192056 997822753241297
711087224163484 833534087959999
311114770734377 968074630361617
873006080363011 508440547598136
20 222969544887654
805935037042899 277016895899406
218035197148411 215403067995324
833036506800607 357384035562227
919331286319709 555896645611331
883701262835740 461764960222320
962174974240686 476858292916312
339402378804627 265564357486580
469306207887534 212423592443165
906370693657765 790875963413665
341793855524923 432611511855642
882694369665306 301534046323961
629813890722210 858018880557219
628384736269963 942892033986038
254209776570740 467043913003332
198906424836631 750125288776396
820940183940146 462788559055994
530819011710841 637597597533325
144554120071058 876148769551699
461498841384385 747943468522366
11734610287482 650312414227232
20 376995843617497
906939501480596 607522661931001
725035987561001 976925247306875
234800519993455 905441883465366
137144147663176 512620407491314
739263662816725 247091921181214
605271256636618 723743853675967
455288335412624 424329334745516
397228789338947 287907103554668
427525750005570 511465633081104
819347451465116 324286761176101
302391246251672 841421213524373
695403545508824 898110013118908
331522178435905 770255632102446
643359769935284 538356524703657
943211719888786 843952717845117
404294010403369 295492945721746
978412115343941 260952504344222
492821271080617 591831168462178
774587900900993 266555661561949
960445984712640 623594865802292
20 808987305154981
713053552203883 6867803162339
466607994960210 27674206776441
988389615357926 760143547420476
457021090172346 423956511647207
377646102061874 974453403361158
392305691634060 601091553167534
389171120160020 296830787223242
447493617255687 654895140764514
17731747943105 717182494155328
281641031839274 958347583507560
297039983030373 97452237086729
981050543555895 747753110037999
453377902292287 411588228050572
617486480738029 691593145837080
155567103807203 836725986953432
261590192489592 934257247965992
730501253714579 177114912788451
255516005039326 851815569659202
9691048716784 89980917876444
910477317450590 851952385581656
20 434598076099110
996509303845185 400475504829362
632102649754912 702558017014523
948415144682782 873252997468284
282450979595232 116093129700186
617213890078792 943753556468932
100776448766952 518545402788557
808928931722914 648762991365727
884524453681576 60342963435530
684111874051657 333548989282734
857001405182970 405520851350048
469459396999223 485924987406645
423816250381516 552164429173181
313765089407447 37494206832122
464515051320144 912391922205307
433462831094881 246089343366352
35927214227618 420649473164460
857057587766620 867477221388993
100978970749588 108642526772078
574249842405000 102325285226961
750858825992048 97706839284348
20 786096731723102
888604758123135 80345820221244
201928174021098 936021738424783
769289493206459 810792412906828
99711735895287 470629041064861
848696455163519 271743351822127
189314990164373 825026746225696
609230473501516 875186714912609
504367781228729 167389062991442
680942458554271 929373073982720
769199741367773 831900434789083
77246662992535 86199275227943
453643230467858 524441898288692
255230767384023 811891604596623
155322649079799 775714066044043
998833510726691 994674558972663
672312453881427 871162601032738
300346997912970 428464053410382
3064958450553 477591254819409
290188375259344 227898337436535
627001017525466 321628768630324
20 989648002397922
230716508364593 598543803113353
646918020252251 961801139022711
534973945168202 161633377413866
189620811021762 839304329677012
264362891037034 476256873548315
175207443029992 863996774154857
231920727752820 904123673921705
230003875493774 70863004699529
550781956275150 855881664631297
423774990744285 874390852025352
41679326688012 869230638156243
493736519416339 698818217628404
795593734565048 542450520080913
262337665715066 846205532557243
572668477589580 154239222751182
818651419348757 516512319628183
156548930782335 781899295155172
807276311598804 1581871907957
987700976703397 831599586140087
490601813770642 412506155847187
20 209139899848283
383593244093371 419105493489327
856189572036418 921580080470787
454355944848961 93397355944298
476172842308595 198440600235433
758235725085350 581787005048208
735134022432451 495097869827694
984502273003798 7797920641780
824342872257976 875410870302173
214574758687464 968157752663975
172195359167216 871580234771533
475912601750486 942063583421516
350916813795789 749433507797876
707966006760434 450871997748594
860783450771815 771544482253035
735198624756581 865665517193402
483927132831405 166754781503962
687958270117847 263010558973148
744680044841868 186920633184363
512731200132208 457971111608086
374560469848543 401385325623136
20 400251553927047
823688016217497 68556483816755
725922694684755 393167052599916
564943408725138 56763314802557
886068821112593 651638902663406
610802811977270 201676659861881
105588619710783 105266739664978
109769588332182 689503026381001
469112072071028 391528461698091
817214981792631 31480730564937
582533202136109 138944767149155
754108039798078 240628307696392
171706568803191 242204922746509
601413041662639 247419966427601
518765211178823 396420532974512
381907789136052 431299697027482
549544869735583 840810568292572
834972306561191 282364064822584
415836638604380 548243148976486
728540602128012 233397028242034
116071028508007 678088313944506
20 707881852642220
690065134777627 71922501854499
109378442681099 992235260115325
267114926463932 234133955810155
78056558331129 7504539295628
407277942578574 995578953973530
532475971554875 312853093170748
48178550063202 102118600037410
157957091365054 169483787857389
760552377405894 645168225671062
672370503360867 798936429387048
14845089681631 871805531712596
311614075220551 321139328672998
18237943584697 3885100670605
30424049907838 682465443085180
381780856952046 662531884027316
959041457619199 388978858249804
109245007315029 412140935454114
349048112684345 294561963935127
715421207050409 258589738003178
620243772923190 446109241548436
20 241121945679612
674744295829878 656280523588968
184898135051800 307821201772337
347892340725664 866170850364135
33293150113906 978380556026574
755199626070959 570915636054458
211628663365730 554569836298101
201863967435084 352951353440599
179773843599263 711033675226376
217007082503531 626593768345469
699112984723303 717905510405051
729246022482321 479341637926747
313734745969031 186346353630458
477000459684477 798187133033987
327067336401772 346255017135827
682148417516370 803967252911134
370805460199508 291155547600707
10838407615896 180775379844140
200518512123787 553185360362340
134319245130883 905899237941261
251026949304100 260305796662554
20 41809015543155
842217910954077 607857888356393
87814759082402 871922658637883
96866377978309 300435301516018
629006177639046 998205402155274
940394446048275 432347556021872
810430448799984 370878863538095
224564521169352 806757144627933
790468138900627 387523227374666
389257044579872 475264697136598
669890911693315 232719192873468
514085536460052 824869934093022
267366750574840 840653949376100
870446614341542 550116127068809
638496409940873 710826482225188
65067056247659 235893154232478
775552660171776 479710907460201
466142284700671 197207542476178
974714202452440 4013366332532
288491917785536 619959172487454
906927126391631 730079435936836
20 803524705897187
638764189375729 990794378768561
213789769522846 420266150250888
486805382737293 10594057951490
829269297419765 242984945771503
283466203004710 9951003366327
288017976928304 685755409527900
867606027352526 966940123971408
915265814323510 451285575230596
281520652738215 908375114717207
689167868560263 174167634646860
328170268724507 118655466342674
832894006597997 210244349677730
52161550965319 331496790077903
545260023958970 61604545656024
785139588532371 579170313623626
897503663629075 517704022478460
342731173410960 329861395493679
59197465805256 332362213179355
962901268496832 99021988013510
659889368576763 401303919709178
20 513055398918066
285572144229299 822594493050752
731952123085680 337685637861896
929978679557178 475807867208165
964582340815992 922661309687133
676181807724681 235444361895961
183470458083346 941300345094708
1414416559130 920641661158504
503727167254704 342482390362739
131975579110057 188117698283562
603527257424822 554536300458323
776493445806673 539207842356876
920374176273775 418060768099787
695997486947237 482311445703756
646266083882694 139912862979213
738706068108941 404923692904991
376206802610279 461424442274475
530585937307908 534446549457731
389064846238665 930672531831239
850744480447035 664253495768052
349003813734293 686644333944562
20 737978573643732
669576912423936 603189432596269
221466837864225 977166741333650
119260280642670 483485184742952
7082054279787 454145747648059
101466880703349 214269510551260
992342520510546 467787549623563
920190494822951 788018084268370
350003994130696 202179088275325
747393496790757 385579463408971
412891723413235 622248363264058
989056100668437 972555266291013
671716064857540 87813273402655
733424383670537 835466141736302
379852379248693 374055443505936
84996292137261 555628883506561
58023179959039 754038157480948
315122040385280 676589861008529
278772912778779 411344039826621
118471806523030 640136034280240
757925434409389 735118194127990
20 541864098247393
634880018851634 531527987296319
795618938957414 778074212511724
313270754687304 66505085740081
493343809087977 191848585832019
555752088335356 56657245152080
499207495792171 580020481617429
215844002864048 617943824448392
97783785463800 457374043489139
803001655960372 487578023325475
729253457628484 204447262276842
782530751706667 347798260207925
210447456530099 897613601184124
588324751953458 478503800402521
458267470636230 269209633463159
170240554340962 71152831164482
150560674333722 394364236613422
198074255992949 321284973594992
326014297794032 299274919768322
776036934393897 160003335295442
215874514803795 876068023345010
20 945340373039544
153934520738942 793930481357179
224640097357519 189659164530956
478343428342813 419594034747662
516624870450608 113590221697410
502715055026173 230329038397797
869085264874408 470094031044281
163523329191942 454768789914450
8076225676074 763244975140715
70570915777419 303278070155594
954996023278743 858722190749711
4830019229047 33186071881307
934531410823440 872207035757923
301404742880355 490100961638945
543418771968385 239562027212423
993870070641432 118965974812304
785322851480500 606020484382918
739541704264962 153732972749217
54987647946583 224254601240082
565497211429254 917894508358353
83019637827055 608879631328205
